190
HPHV_Bald_eagle_hepacivirus_E1_170-361_AlphaFold.pdb                                     0.0000000 2.7935487 2.7804312 3.1241796 3.4674113 3.0562320 3.4861159 2.8868285 2.8191075 2.6057863 3.4217992 1.4563205 3.1974079 3.9221883 3.2574774 3.4555532 3.4118292 2.7395382 4.1895215 3.3417473 3.3973093 3.3395147 3.3306326 3.4667961 3.1798413 3.1144259 3.1602735 3.7048396 2.8643403 4.4944656 4.0897299 3.7667098 0.7893399 3.2899121 3.3876067 3.6505627 3.7602566 4.1181018 3.7966844 4.1042603 3.7205188 3.5606601 4.1966201 3.2835272 4.1140194 1.1294054 3.3536405 3.4074141 3.7179845 3.6277746 4.1468672 3.0871986 3.1466186 3.2193815 3.2664670 3.4042674 3.5844750 3.8831568 3.5620717 3.6793563 2.7924436 3.2389259 2.8562683 3.2420484 3.0859230 3.0828073 3.1536439 3.0645588 3.0178655 4.0045462 3.1727005 3.4033941 3.1530740 3.0694433 3.0835827 3.0520761 2.9136168 3.0312265 3.2205687 2.9978969 3.2309299 3.4892974 3.4446431 3.4087171 3.8937854 4.1431258 3.3192836 2.7976991 3.3672279 4.1219361 4.1221950 3.0132642 3.5074245 3.3573141 3.3261890 3.0715689 3.1751896 3.3298761 4.7363340 3.1985704 3.5040119 3.8483826 3.5464321 3.8454973 4.0549075 4.2570245 4.0337636 3.9191713 3.7428252 3.7903351 3.0992324 4.2828538 3.2638368 3.2910790 4.2928111 3.7715253 3.9718331 3.0336469 3.3768305 3.4238282 2.9957393 3.1174831 2.9763195 3.2426074 2.9963849 5.4928112 4.0106658 3.0150183 3.0210230 3.6714783 3.7073017 3.7505086 3.1860937 4.0643231 3.0635985 2.9890126 4.0933302 3.7444366 3.6098436 3.3832942 3.5996918 3.3344138 3.2815796 3.1074466 3.2483116 3.4384093 3.5028921 4.0369245 3.3088039 3.3527783 4.1138734 3.8271105 3.0098073 3.4640277 3.0659911 4.6678017 8.9999987 8.9999989 8.5845789 8.9999986 8.9999988 8.9999983 8.9999984 8.9999983 8.9999983 8.9999990 8.9999988 8.9999985 7.8472202 7.2027958 8.9517435 8.2050496 8.9999988 8.5176599 8.6174706 8.9999985 8.7854360 8.9999986 8.9999989 8.4411479 8.4103851 8.0985849 8.6352618 8.9999985 8.9999984 8.9999985 8.8550742 8.6480517 8.9999988 8.9999985 
HPHV_Bamboo_rat_hepacivirus_OM451124_E1_171-356_AlphaFold.pdb                            2.7935487 0.0000000 0.0214371 1.4612562 1.7971170 1.9766433 2.6700484 2.6207475 2.3978364 1.6088016 2.1307684 3.2312996 2.7186660 3.7658438 0.3381139 4.0428179 2.9650459 1.7292460 3.9069707 0.3924451 0.3908869 0.3999783 0.3925364 0.4063391 1.4114284 2.1537481 2.8033873 1.5289539 2.6330793 2.2339899 1.9332741 0.6215972 3.1521748 2.6972466 2.4048231 1.0309790 3.1784191 3.0037162 3.0615528 3.2109834 3.3194695 2.8107010 3.0957265 1.5282057 1.6180732 4.0006573 0.7372799 0.7442135 1.5659149 2.9987744 3.0483953 3.2822755 2.6990139 2.6257998 2.6646861 0.6888067 0.7421192 1.0077007 1.1108682 3.2475727 0.0106846 1.0504560 0.0729104 0.4504776 2.7631508 2.5819541 0.7863422 2.6332447 2.5306269 0.8607467 0.3867162 2.7627672 0.8013064 0.4405486 0.7795674 2.5752150 2.0715199 2.4262012 0.8082851 2.4586952 0.4465287 0.7324384 2.8832084 0.3839198 1.0436686 0.9966191 1.4890814 3.6099579 2.7046960 1.7712825 1.8227132 3.3696309 2.6618015 0.7449402 0.7266210 1.4776149 0.4797633 0.4642068 3.0731803 2.7261442 3.4095039 3.4260721 3.7636578 4.0033705 3.3892195 3.2531414 3.8226334 3.2063883 3.6171647 3.9412850 3.4180469 4.0839089 3.9767815 4.2806787 3.8407534 3.5274407 3.6363634 3.0897228 3.4573042 3.4785597 3.2567617 3.3516832 3.2395257 3.2974939 3.2218321 3.6998608 3.8297702 3.5811946 3.6369205 4.3737930 3.4263174 3.3752544 3.3437107 4.1457549 3.3832384 3.2367635 4.1676940 3.4044519 3.8966884 4.1331559 4.0544967 3.6511995 3.6714966 3.6998356 3.2846634 3.6042077 3.4854184 3.5447951 3.4966383 3.7869629 3.8680953 3.5742625 3.2624355 3.5079284 3.5351854 5.1614004 8.4746341 7.7207010 7.3138567 7.4625925 8.9999988 8.0398466 7.7266837 8.9999985 8.9999989 8.9999982 8.5737980 7.6324778 5.9638742 8.9999989 8.9999985 8.9999989 8.9999987 8.9999986 8.9999989 8.9999989 7.9492397 8.6628020 8.9999984 8.3607714 7.6334038 8.4618208 6.2842294 6.9010672 7.8772411 8.3263008 5.9973718 8.1385393 7.3051985 7.9081783 
HPHV_Bamboo_rat_hepacivirus_OM480528_E1_171-357_AlphaFold.pdb                            2.7804312 0.0214371 0.0000000 1.4534375 1.8032164 2.0051636 2.7627507 2.5888368 2.3684509 1.6023546 2.1278013 3.1880724 2.7335499 3.7803567 0.3468528 4.1079994 2.9181180 1.7258858 3.9310509 0.4172820 0.4000008 0.4212173 0.4136604 0.4169721 1.3924839 2.1525347 2.7605137 1.5300835 2.6435517 2.2561550 1.9420155 0.6230592 3.0904265 2.6976218 2.4227133 1.0271415 3.1923609 2.9544758 3.0584642 3.2247905 3.3334532 2.7970463 3.1210929 1.5143857 1.6333541 3.9958884 0.7382333 0.7451971 1.5585986 2.9937864 2.9994040 3.2822755 2.7714476 2.6173724 2.6651189 0.6997965 0.7417094 0.9926062 1.1008784 3.2615097 0.0160142 1.0472656 0.0652752 0.4613908 2.7490604 2.5691830 0.7901155 2.6200904 2.5180958 0.8712384 0.3816505 2.7487820 0.8051734 0.4367516 0.7833319 2.5623957 2.0617827 2.4143815 0.8121862 2.4466080 0.4632368 0.7320481 2.8809707 0.4081235 1.0380881 1.0047631 1.4712991 3.6772545 2.7148855 1.7340209 1.7811774 3.2310282 2.6775911 0.7459165 0.7275397 1.4798464 0.4600827 0.4905308 3.0880456 2.7642633 3.4446613 3.3982686 3.7864603 3.9612707 3.2930476 3.3093358 3.8427585 3.1825065 3.5839895 3.9014195 3.4574602 4.1838011 3.9913570 4.2968498 3.9085277 3.5336702 3.6008716 3.1580107 3.4243535 3.4245120 3.3306343 3.4290713 3.3129932 3.3732989 3.2948776 3.6872406 3.8418902 3.5801523 3.6359289 4.4008875 3.3686732 3.3426571 3.3602522 4.1186437 3.4621031 3.3102300 4.2103039 3.3803208 3.9176049 4.1678120 4.0538948 3.6639894 3.6843025 3.7132688 3.3030475 3.6241681 3.5224283 3.5133455 3.5336261 3.8102747 3.8821054 3.5868070 3.2740091 3.5315051 3.5340976 5.2539465 8.5640384 7.7933385 7.3665262 7.5182374 8.9999988 8.0823736 7.7834879 8.9999986 8.9999989 8.9999982 8.9284557 7.6450258 5.9975387 8.9999990 8.9999986 8.9999989 8.9999987 8.9999988 8.9999980 8.9999988 8.0072982 8.7397256 8.9999981 8.4283150 7.6882685 8.5280187 6.3259959 6.9516028 8.0343272 8.3910375 6.0295173 8.1985056 7.3650520 7.9813462 
HPHV_Bat_hepacivirus_BK013349_E1_149-356_AlphaFold.pdb                                   3.1241796 1.4612562 1.4534375 0.0000000 2.1157227 2.4312636 2.9626190 2.9522287 2.7723143 2.0066755 2.7129042 3.2639530 3.0512228 3.5131301 1.6159807 3.5946219 2.9784373 1.9970490 4.1028336 1.5829839 1.5709499 1.5809988 1.5949203 1.5263682 1.8374359 3.0960320 2.8418400 1.3444072 2.4684520 2.0384647 1.8277542 1.3945688 3.1114438 2.8995895 2.5150311 1.6223678 3.2646449 3.3603054 3.3469949 3.3804840 3.5311632 3.3925702 3.2594694 1.3677975 1.6407294 3.6292938 1.3510196 1.3671003 1.4840491 3.0485929 3.3212008 3.1904995 2.8388099 2.9615611 2.8446917 1.4157300 1.4863911 1.5640903 1.5751982 3.4394279 1.4632935 1.5861684 1.5255458 1.5078657 3.6586450 3.6802117 1.3633220 3.5925084 3.6960749 1.4228726 1.5376211 3.7408643 1.3545890 1.4291336 1.3497290 3.6066897 3.5872059 3.6568401 1.3616089 3.6817085 1.3434930 1.4614312 3.3695663 1.5516311 1.4786906 1.5668620 1.9684259 3.8089508 2.4299407 1.6493932 1.6992647 3.6045887 2.5454244 1.3446766 1.3425240 1.8307478 1.4580319 1.6074081 2.8597814 2.6540097 3.8122092 3.4964632 3.0901410 3.3116791 3.2086023 3.6088746 3.9225185 3.4368694 4.0143839 3.2530739 3.4049669 4.6586559 3.0606322 3.7328820 3.8767983 3.3133236 3.5211345 3.1494499 3.1638427 3.4735850 3.7503290 3.7678671 3.7215259 3.8447167 3.7840043 3.6746555 3.5276755 3.4330205 3.4422817 3.6111817 3.6107511 3.0327817 3.3950269 3.2435382 3.7217131 3.7724770 3.9288489 3.4752906 3.7902314 3.6115244 3.5342236 2.9465047 3.1023952 3.4655560 4.0064379 3.8133136 4.0950835 3.8109767 3.6714486 3.2625383 3.5483142 3.3359163 3.5460833 3.9254191 3.4415490 4.5683447 8.9999989 8.9999988 8.2340601 7.8704244 8.9999988 8.0264977 8.1325416 8.9999980 8.9999989 8.9999984 8.0278291 8.3145431 8.2572978 8.9999981 8.7666683 8.8325997 8.5079098 8.1443342 8.7857495 8.4057949 8.1355749 7.9463196 8.1837350 8.7598997 8.2868294 8.6549540 8.2253389 6.4809214 8.7359474 8.9999982 8.3398792 7.7770853 8.5968327 8.9999989 
HPHV_Bat_hepacivirus_TA166TZA2013_E1_138-324_AlphaFold.pdb                               3.4674113 1.7971170 1.8032164 2.1157227 0.0000000 2.8981411 3.5707977 3.4085497 2.9564849 2.5871688 3.0102408 3.5410645 3.3608043 3.3227952 1.9213615 3.7843868 3.2461876 2.6063784 4.9221240 1.9020546 1.9594432 1.9252066 1.9363640 1.9445006 2.0530601 3.0947553 2.9246098 2.1048226 3.3274080 2.8887964 2.6722888 2.2364952 3.1978202 3.2576119 2.5915285 1.7493630 3.2879490 3.2132254 3.2917186 3.7645496 3.5254061 3.1489430 3.5779352 1.8627682 2.0930579 3.6648551 2.0139963 1.9998966 2.0582093 3.0119943 3.1167924 3.4712515 3.1487400 3.2034515 3.2787936 1.8866432 2.0336671 2.1056575 2.4520206 3.6813870 1.8215773 2.1697948 1.8066132 2.1412804 2.9829022 2.9582208 2.0555090 2.9596059 2.9115972 1.8733296 1.9442991 2.8646533 2.0328298 1.9842731 1.9919718 2.9177051 3.0539500 2.9376630 2.0184601 2.8410388 1.9455537 2.0735781 3.8377951 1.8014253 2.4547540 2.2570812 2.4678522 3.1140864 2.9638578 2.1994972 2.2051759 2.8664749 2.9146116 2.0276253 1.9903694 2.0914726 1.9875332 2.1670511 3.2609776 2.4754506 3.4642784 4.4665105 3.8465825 4.9854721 4.0370182 3.3558030 4.9985328 4.5601967 4.3385542 4.2607161 4.9444152 4.9357449 3.5999357 3.7006444 4.0501448 3.6839842 3.8899522 3.1922095 3.7293385 4.3936140 4.8026901 4.9926834 4.8093837 5.0459487 4.7461515 3.9503316 3.5525022 4.2176890 4.2217759 4.4336011 4.1350803 3.5971679 4.6548749 3.1494463 4.9859959 4.7880685 4.3171038 3.7439825 4.3736134 4.4601712 4.7760926 4.7021107 4.4161683 4.5323140 4.9170304 5.0315993 4.7778644 4.6229351 4.6991235 4.4549618 4.3331792 3.9360392 4.4181317 4.6086607 4.3843654 3.9215208 8.9999985 8.9999989 8.1606732 7.0624116 7.7672720 7.9533205 7.1058371 8.6232630 8.6887645 8.9999981 8.6665681 8.6458754 8.0914254 8.2971440 7.1141854 8.5730614 7.5001149 8.4040283 8.3128624 7.7879781 7.3727797 6.8131325 7.2962014 8.0349795 8.0109048 7.2948483 6.7254496 6.6350549 8.9999987 8.8557696 7.7688374 8.0563476 8.9999987 8.9999982 
HPHV_Catfish_hepacivirus_E1_355-549_AlphaFold.pdb                                        3.0562320 1.9766433 2.0051636 2.4312636 2.8981411 0.0000000 2.0151158 2.4608043 2.4994371 3.2104811 1.8197129 3.4108223 2.7641675 4.0440032 2.1635503 3.1390840 1.8715272 2.9313951 4.6484670 2.0834304 2.0918801 2.0520034 2.0476134 2.1135925 2.4155329 2.4942098 2.4716967 2.6963194 2.4485202 2.7302542 3.0909508 2.4944748 3.2150125 2.7585599 3.0428025 2.4146865 3.1982910 3.6369808 3.0802413 3.3117681 3.3195615 3.1031115 3.3023962 2.4285094 3.0889176 3.6860655 2.7629832 2.7887555 2.8081407 3.5122459 3.6351925 1.9441065 1.8265853 2.8646697 2.7699805 2.1239107 2.6107826 2.3662011 2.3660457 3.3965052 1.9979400 2.2079534 2.0424830 2.1287044 2.2197185 2.0741704 2.3208951 2.1052319 2.0515001 2.2090035 1.9886863 2.4255235 2.3276990 2.2268044 2.3217595 2.0408943 2.5521298 2.1225136 2.3325757 2.0444518 1.9660824 2.5487731 3.0541787 2.0751626 2.7773206 2.7104252 2.6258146 3.7211650 1.6644224 2.6114862 2.6600246 2.6008897 1.7813093 2.7280121 2.7293253 2.5919309 2.0572311 2.1820982 3.0488627 2.1914876 3.8940402 4.1234183 3.1961781 4.4462530 3.9374916 3.0553255 4.7105486 3.9415569 4.2309542 4.0989095 4.0036244 4.6321065 2.8963982 3.0754304 3.3265262 3.9672959 3.8743099 3.1225625 3.0687055 3.4898621 3.7550569 3.8136766 3.7371357 4.0649154 3.7880301 3.8122110 3.4737874 3.1637683 3.1741091 3.9872027 3.9403790 3.2005083 4.0024458 3.5505178 3.7696825 3.7750361 4.4415588 3.4079151 4.2373241 4.4934086 3.3213324 2.9005437 3.0002146 3.1160127 4.2078288 4.3218160 4.1443603 4.5516584 4.1502146 3.4832307 3.4669983 3.3030326 3.0674719 3.3920060 3.1869718 3.9083760 7.6676659 7.3375854 8.4538278 8.8981550 8.9999984 8.4837375 8.9999989 8.9999985 8.9999981 8.9999980 8.9999987 8.9999989 8.9999985 8.9999987 8.9999988 8.9999987 8.9999982 8.9999988 8.9999989 8.9999987 8.8423029 8.9999981 8.9999989 8.9999982 8.8761223 8.9999990 7.4590920 8.6801095 8.9999989 8.2021668 8.6000048 8.9878117 7.4612449 7.5655365 
HPHV_Chaetodon_aureofaciatus_hepacivirus_isolate_F25_E1_180-366_AlphaFold.pdb            3.4861159 2.6700484 2.7627507 2.9626190 3.5707977 2.0151158 0.0000000 3.1717809 2.8414125 3.2001020 1.3539139 3.6409776 2.5636585 4.0329780 2.9488650 4.3237722 1.8589238 3.1636101 3.9025870 2.8226575 2.8218516 2.7977744 2.7911580 2.8018535 2.7972383 2.4977119 3.0418439 3.5375320 2.9516988 2.8662960 3.1644261 2.9533458 3.7196945 2.6374484 3.1035903 2.5609827 3.3883877 3.6048289 3.2958186 3.5663840 3.6805740 3.2961623 3.6916212 3.2409448 4.0358485 3.6095239 3.1853252 3.2201008 3.5905591 3.7971126 3.5436688 2.3374396 2.0025355 2.8173538 2.6967932 2.9472966 3.3721746 2.8372305 2.2253207 3.4877925 2.7238921 3.0761207 2.7780016 2.5805517 2.5652856 2.2757543 2.6745497 2.3504083 2.2471461 2.7355252 2.5773976 2.5523505 2.6553917 2.7407315 2.5610240 2.3019325 2.4617939 2.2837111 2.6452852 2.2680009 2.7077959 3.3290887 2.6225974 2.7999710 2.9334932 3.0036499 2.3505027 3.2626315 1.9450104 2.9047344 2.9920975 2.9292415 2.2541877 3.1790760 3.1964378 2.7343922 2.5787115 2.8641232 2.9231674 2.6294652 4.1430615 3.6268746 3.6083834 3.4544312 3.1187676 2.9848085 3.8201534 3.5581632 3.4905570 3.7415595 2.8424426 3.4738859 3.0188021 3.2774650 3.5434122 3.1763061 3.0470101 2.7524745 2.8887080 2.7819132 3.3083484 3.4313926 3.3816494 3.6343814 3.3260985 4.3247930 2.8238060 3.4788442 3.4972727 3.5677231 2.9598311 2.9668786 3.2955162 2.9682684 3.4446402 3.3471151 2.9855812 3.0671716 3.3041019 3.4203155 3.0624447 3.1834681 3.2042192 3.1507257 3.2870421 3.1773038 3.5255388 3.7598265 3.2790376 3.7005106 3.3101873 3.1883767 3.3319671 3.7229964 3.4741564 3.7459130 8.1136123 7.4576647 7.3180600 6.7884532 6.8726347 6.3467375 7.2308602 6.6618180 8.9999990 8.9999989 6.2798678 7.0342223 7.3192844 7.9842659 7.3892957 7.5268305 7.0977134 7.4192618 6.4600961 6.6525450 7.0330260 7.1901140 6.9635599 6.5663888 6.9536285 7.1111636 6.5728694 5.9501039 6.4022799 8.3988726 8.0863381 6.6558909 7.6620944 7.5954385 
HPHV_Chinese_broad-headed_pond_turtle_hepacivirus_E1_298-486_AlphaFold.pdb               2.8868285 2.6207475 2.5888368 2.9522287 3.4085497 2.4608043 3.1717809 0.0000000 0.4278149 2.6582125 2.6940651 2.5529469 2.8897113 4.1615340 2.7666643 3.3297692 2.2502187 2.6593906 3.5455776 2.7011381 2.6791000 2.6990128 2.6926687 2.6535005 2.9483564 2.2096560 2.5880825 2.9957182 2.3786923 3.5010987 3.1288198 2.7121859 3.1077008 2.8363056 3.3067634 2.9448187 2.5054678 2.8289050 2.6159208 2.6778021 2.6311631 2.8179515 2.9829621 2.6112660 3.1885623 3.1724904 3.1595241 3.1486528 2.7992133 2.6668150 2.8033755 2.3163865 2.7345797 2.7007479 2.7996796 2.6055004 3.1812441 2.5002305 2.2262328 2.4583644 2.6110620 2.9368929 2.5356925 2.8964698 2.6316522 2.6924805 2.3308468 2.7324597 2.6953844 2.5770560 2.6235432 2.7768877 2.3134293 3.0426213 2.3732812 2.6784276 2.7218405 2.6070178 2.3430526 2.6151702 2.3202734 3.1361495 3.2488003 2.6528470 2.9265805 3.0269522 2.6976632 2.5636334 2.5230673 3.0839479 3.1230680 2.7136100 2.1236283 3.0685458 3.1001305 2.9321580 2.2954839 2.6635132 3.2035654 3.0634929 4.5095086 4.3406062 3.5332874 3.8112661 4.0428327 3.2778092 4.6255417 4.5704492 3.5921154 4.2869882 3.4192265 4.5875380 3.1577650 3.0532301 3.9692722 4.8273529 3.7931508 2.8797718 2.9367733 3.3452297 3.5506652 3.6715557 3.6158967 3.5975765 3.5404039 3.5150525 2.8657657 3.4097599 3.4401790 3.6607385 3.5852639 2.9521647 3.5869485 2.7193701 3.7374791 3.5867289 3.5897556 3.1932930 3.8003536 4.7938925 3.1475361 3.4656555 3.5085879 3.1029980 4.1840226 3.8688376 4.3464725 4.1263339 3.5861028 3.2611186 3.9430949 3.6492450 3.3695735 3.5233330 3.4795722 3.2311895 8.7664831 8.9999989 5.9571757 6.4691444 6.6864900 5.7522634 5.8648524 7.6537316 8.9999985 9.0000000 7.9182979 7.8371977 7.0606939 7.6388136 7.2858683 7.5127161 7.0184407 7.6253084 7.2081550 6.8639893 5.6703503 6.6084261 6.5247107 6.0649973 5.9095535 5.6449090 5.9194079 7.6543569 6.8517184 7.5635890 7.0784788 5.9792235 7.2732080 8.9999986 
HPHV_Chinese_softshell_turtle_hepacivirus_E1_301-487_AlphaFold.pdb                       2.8191075 2.3978364 2.3684509 2.7723143 2.9564849 2.4994371 2.8414125 0.4278149 0.0000000 2.8799300 2.6010612 2.5075270 2.7478082 3.5779380 2.3155403 3.2576148 2.2126250 2.6720696 3.5263682 2.6760717 2.6541703 2.6739405 2.6676529 2.6287533 2.7592391 2.2613679 3.0675739 3.0545802 2.5784738 3.6589874 3.2020118 2.7494447 3.2432908 2.8674423 3.4426520 2.6275227 2.7383666 3.0953302 2.6073921 3.1167835 2.8761968 2.8695846 3.1652383 2.6862846 3.3307974 3.0410489 2.6253550 2.6293776 3.1595422 2.9715396 3.0438898 2.2071888 2.6758909 2.5380326 2.7073268 2.4783013 2.7201708 2.5888179 2.2511656 2.7606660 2.3889364 2.5942924 2.3842828 2.5985458 2.4689921 2.5436296 2.2637017 2.6327786 2.5535642 2.5373586 2.3663546 2.6526701 2.2805212 2.6847231 2.1784912 2.6029836 2.7450543 2.5080641 2.2925373 2.5163780 2.1136086 2.6772513 3.3769744 2.3494113 3.0796013 3.1148107 2.7280280 2.5804035 2.1761049 2.9111502 2.8073980 2.6290680 2.0713929 2.5491639 2.5740495 2.7378672 2.2146077 2.6808913 2.9746095 2.9422261 3.8894396 4.0478680 3.5359662 4.0448453 3.4923995 2.9850831 4.3581997 4.0428767 4.1312777 4.2986103 3.5817549 5.3722105 2.8319872 3.1966652 3.8044225 4.2028428 3.7138751 2.6656472 2.8031279 3.0868745 3.8733401 3.9825863 3.9435305 3.8722285 3.8488094 3.1941451 2.7299673 3.3422167 3.3721597 4.0812830 3.2875988 2.8045747 3.6638919 2.6391863 3.9750562 3.9002710 3.4560349 3.4009707 3.8087816 4.3193493 3.0104420 3.0121689 3.1128476 3.0846819 4.3814926 3.9293679 4.3658839 4.5950596 3.7087063 3.0231972 3.5915255 3.3636196 3.3825188 3.5504590 3.5268520 3.0536439 8.7478807 8.9999989 6.1774992 6.6951599 7.0519736 6.1076428 5.9465833 8.2111227 8.9999987 8.9999989 7.9723059 6.8444209 6.7821442 7.4194567 6.9666094 7.0308762 7.1699862 7.2356760 7.0163877 6.4381664 5.9399265 6.2025798 6.0586274 6.3496068 6.3669394 6.1687361 5.7496292 7.0146841 6.1605842 7.6429901 6.0958669 6.4542342 6.5269515 8.9999989 
HPHV_Crab_eating_macaque_hepacivirus_E1_174-383_AlphaFold.pdb                            2.6057863 1.6088016 1.6023546 2.0066755 2.5871688 3.2104811 3.2001020 2.6582125 2.8799300 0.0000000 3.0737013 2.9559127 2.8389813 4.0919113 1.6651236 4.6886150 3.2828380 0.4338262 4.4006532 1.6092813 1.6126716 1.6072929 1.6214104 1.5809398 2.2560104 2.6058250 3.2649586 2.0813404 3.0514565 2.6346794 2.7864655 1.8376458 3.2197972 2.9076637 3.0462010 1.7911861 3.2453957 3.4832737 3.3353891 3.6059995 3.7881459 3.2950195 3.3919254 2.1770359 2.3222205 3.2766207 2.1300570 2.1656036 2.1813961 3.3553232 3.3603893 3.9965303 3.1307532 2.9588892 2.9083350 1.8951150 1.9347495 1.8509959 1.8365152 3.4749391 1.6086160 1.7946711 1.6109681 1.6986073 2.8771266 3.0003672 1.7182735 2.8869226 2.9317277 1.9101796 1.7460718 2.9662342 1.6927501 1.6458180 1.6994654 2.9474076 2.7609305 2.8787511 1.7504704 2.8605250 1.7130100 1.8919096 2.7911110 1.7833922 2.0594507 1.8966841 2.0473762 3.0533924 3.5417208 1.8779926 1.8725214 3.7235200 3.6706987 2.1105762 2.0839693 2.0349135 1.7557789 1.7888389 3.7716371 3.3734044 3.9967123 4.0080164 3.8685765 4.0792350 4.0034176 3.5808661 4.0785605 4.1610289 4.3630985 3.7934375 3.5980135 4.2505989 3.2671706 4.1458942 4.6192321 3.2584471 3.7165189 3.4022872 3.2402119 4.1379585 3.4854036 3.5110864 3.5447130 3.5207118 3.4839450 3.7351990 3.2806876 3.4399472 3.4445946 3.8661254 3.8700636 3.0939619 3.6426913 3.3949779 3.5855735 3.5053421 4.6397987 3.5607317 4.7830351 3.8347249 3.4828605 3.1631011 3.2064591 3.5990108 3.7138277 3.7334796 3.9591485 3.7242720 4.2366089 3.6448426 3.8530878 3.5506556 3.8296301 4.3553640 3.5191989 4.8101160 7.2920029 7.2404062 6.5891709 7.2581376 6.8625725 7.0213675 6.4186562 8.9999988 8.9999986 8.9999982 7.5855162 8.1576549 6.7187698 7.9579395 8.6460875 8.7342720 7.7815552 8.4611410 8.2943387 8.3591375 6.7071026 5.9596705 6.0674469 7.0652669 6.9185311 6.6088752 7.4234646 6.7006186 6.6239309 7.5119351 6.3380212 6.5758810 7.9201039 7.9010278 
HPHV_Cyprichromis_hepacivirus_E1_102-279_AlphaFold.pdb                                   3.4217992 2.1307684 2.1278013 2.7129042 3.0102408 1.8197129 1.3539139 2.6940651 2.6010612 3.0737013 0.0000000 3.3867579 3.2365656 3.9739816 2.5933385 3.4591476 1.6406774 3.2425314 3.9686920 2.4630285 2.4151801 2.4595286 2.4539101 2.4026809 2.3396879 2.1323323 3.4385059 3.1159309 3.1198084 2.7789463 2.7107752 2.6010315 3.6647438 3.2437788 3.3054189 2.5464448 3.7757556 4.1059857 3.4522085 4.0567651 3.9549655 3.6858120 4.0912842 2.5555824 3.6991770 4.2371308 2.6420805 2.6980982 3.4059090 3.9803602 4.1212137 2.0383998 1.9603373 3.3268272 3.1489753 2.4769932 2.3518188 2.5712772 2.5873995 4.0036609 2.1386271 2.8216996 2.1475978 2.5815954 2.5509337 2.3686855 2.2531497 2.3310915 2.3512626 2.4737075 2.2732130 2.3863343 2.2918282 2.6450804 2.2696147 2.3611735 2.2334958 2.3015523 2.3675995 2.3317353 2.4553803 2.3339817 2.4967762 2.7370025 2.6971135 2.7134187 2.4003414 2.5681543 1.5374683 2.9135559 3.0619260 2.8656600 2.2287340 2.6510877 2.6390194 2.4036391 2.4933973 2.6471385 3.2974327 2.4816970 4.1509965 3.5216451 3.3419877 3.6707894 3.5271315 3.0073608 4.1173033 3.4295778 3.8952740 3.4709229 3.2166107 3.5248371 2.7488332 3.1417258 3.0907068 2.9018897 3.3296268 3.0303613 3.0357471 3.1171832 3.9771794 4.0771125 4.0800232 4.3718687 4.0960977 4.0149060 3.3224236 3.2700338 3.2908495 4.0372724 3.5144090 3.1901012 3.3337532 3.1194801 4.0551786 4.1137413 3.1052978 2.9934211 3.5999630 3.7376477 3.2075031 2.7834586 2.7329428 3.1760405 3.9121993 3.8683811 3.8235011 4.2763892 3.3947703 3.4062088 3.4040821 3.3292334 3.2135619 3.7486402 3.1426336 3.7452169 7.1765124 7.1984794 5.1463336 4.8821553 5.3313969 4.7293621 5.5677595 6.5137660 8.9999984 8.9999986 6.1019845 6.9963967 7.7328817 6.5960944 6.4576346 6.9950040 7.5337001 6.7493474 6.6519593 6.6380818 5.3004339 6.0842958 5.9868185 5.4593298 5.3489899 5.3378901 7.2101245 6.8637037 6.5849112 8.2748970 7.0214446 5.3776150 6.8269500 7.6516752 
HPHV_Duck_hepacivirus_HCL-1_E1_289-481_AlphaFold.pdb                                     1.4563205 3.2312996 3.1880724 3.2639530 3.5410645 3.4108223 3.6409776 2.5529469 2.5075270 2.9559127 3.3867579 0.0000000 3.1210424 3.4919783 3.4252792 2.9805618 3.4206120 3.0312960 3.6432469 3.2244616 3.2500806 3.2557415 3.2475679 3.2863083 3.4035935 2.6358121 3.0830446 3.5645238 2.5962976 3.9723496 4.0909816 3.7423641 1.4943909 3.2210840 4.0869852 3.2223949 3.4965357 4.0658266 3.4309577 3.8739516 4.1213477 3.5329416 3.9586344 3.4711583 3.6355778 1.4914606 4.2326908 4.2925509 3.5203485 3.7708682 4.1281509 3.9354018 3.6722057 3.3727253 3.0607789 3.1999634 4.2017221 3.7917447 2.9794274 4.0725914 3.1253902 3.2020252 3.1409304 3.4757091 2.5125393 2.6660940 3.1982996 2.6311440 2.6744488 3.8242198 2.9737365 2.6360148 3.2093668 3.2592856 3.1601551 2.5601217 2.7303590 2.6478327 3.2881330 2.6181238 3.4382534 4.0980731 3.4502657 3.2463994 4.6222906 4.8448368 3.5679095 2.0654900 3.1054213 3.4265746 3.5221956 3.0784925 3.4486394 4.1557074 4.1625767 4.5729471 3.1176187 3.2972584 4.2936609 3.4591530 3.1940001 3.9041754 4.5725817 3.6291287 4.0879146 4.0803632 4.0064967 4.3463490 3.6212877 3.7673941 3.8092816 4.7935592 4.1869465 4.3994763 4.4785947 4.7752196 3.7492750 2.9759493 3.8276154 3.1902525 3.4290620 3.5916262 3.4872633 3.5157589 3.3789015 4.6946345 3.8322252 4.4912291 4.4941245 4.4268876 3.2650312 3.9096218 3.5876483 3.5351566 3.5025611 3.3933765 4.9827831 4.0349025 4.5998656 4.0025023 4.9445242 3.8909498 3.9892993 4.1464785 4.4217455 4.1808083 4.4082888 4.1188028 4.1237577 5.1650320 4.9771463 4.4290446 4.6212099 4.8177625 4.5917291 4.4214939 6.4360280 6.9617829 6.0286077 7.9835561 7.8435010 7.6440153 6.9888013 6.1185514 8.9999987 8.9999990 7.0467124 8.6528899 6.2358817 5.2321997 5.5790616 5.2653349 5.5215427 5.6239727 5.5085849 5.4773201 6.5521867 6.6667134 6.6939332 6.4492094 6.6270059 6.7750237 7.0240141 7.4347638 6.5153859 8.9770128 6.6512685 6.3582763 7.7518969 7.1285948 
HPHV_Equine_hepacivirus_E1_205-391_AlphaFold.pdb                                         3.1974079 2.7186660 2.7335499 3.0512228 3.3608043 2.7641675 2.5636585 2.8897113 2.7478082 2.8389813 3.2365656 3.1210424 0.0000000 4.5204882 2.8603695 3.4538577 3.7958957 2.6751431 4.0672799 2.8866718 2.8729518 2.8845239 2.8775365 2.8637516 2.9229589 3.3465645 2.2885870 3.4004192 2.0465857 3.1380824 2.8298009 3.3994247 3.1779669 0.0488719 3.3757944 3.2637991 2.0407383 2.1686860 1.8210875 2.1412463 2.0470570 1.8868097 1.9380393 2.7337814 3.4555041 3.4182943 3.2309217 3.2366770 3.3407930 2.0818747 2.2274985 3.9246393 3.6727679 0.0833017 0.0441220 3.3317661 3.3383869 3.3428349 3.0950772 1.9690504 2.7176375 2.6134429 2.6996847 2.7871559 3.3101855 3.2068605 2.9773114 3.0067273 3.1996635 2.9797453 2.6819234 3.2128337 3.0370058 2.8453987 2.8727051 3.1432982 3.1347060 2.9938148 3.0292775 3.1705487 3.0455638 3.3176879 3.0156718 2.8598805 3.3786268 3.3609594 2.8465509 3.6484865 3.0991511 3.4151252 3.3059208 3.1374944 3.0464570 3.2806857 3.2163028 2.7964273 3.2599920 2.8442155 3.5750701 2.9787292 4.0929306 5.1221355 3.7487687 4.3175935 4.8503471 3.6441081 4.8346174 5.3053324 4.3995818 4.1972056 3.9687551 4.0782315 3.7517301 4.0262105 4.2987551 5.0855289 4.2726106 2.7981348 3.1311291 3.8371647 4.0585482 4.0871268 4.1234824 4.6234263 3.9713792 4.8154659 3.5054627 4.4777985 4.4988066 4.6380712 3.6857311 3.2426910 4.1107155 3.4167077 3.9973700 4.0686924 3.9807098 3.3329710 3.8701058 3.7814510 3.9504068 3.4443009 3.8126463 3.6141865 4.2250418 4.2897527 4.5241822 4.4720634 4.0349364 4.3281819 4.6448665 4.2771703 4.5778171 4.6932638 4.3761543 4.3210907 8.9724405 8.9999986 8.9999981 8.9999989 8.9999980 8.9999987 8.9999988 8.9999984 8.5176561 8.9999989 8.9999987 8.9999990 7.5814016 8.9999983 8.9999989 8.8522317 8.9999988 8.7314648 8.6526765 8.8409950 8.9999987 8.9708872 8.9999984 8.9999989 8.9999983 8.9999988 8.0248947 8.9102208 8.4634984 7.7585422 7.7839200 8.9999983 8.9999989 8.9999986 
HPHV_Gecko_hepacivirus_E1_311-502_AlphaFold.pdb                                          3.9221883 3.7658438 3.7803567 3.5131301 3.3227952 4.0440032 4.0329780 4.1615340 3.5779380 4.0919113 3.9739816 3.4919783 4.5204882 0.0000000 3.7721112 1.7989019 3.4903014 4.5745058 0.7332245 3.2740130 3.3404259 3.2412217 3.2583565 3.2820507 4.7023448 4.1191078 3.8235203 4.1371474 3.5893940 4.2140410 4.2675015 3.7642195 4.1329803 4.2810932 3.7443216 3.9072809 4.6097750 4.3590869 4.3054266 4.7959825 4.9253964 4.4615825 4.6013966 3.7693237 4.1328753 4.3649175 3.8576843 3.8603526 4.4193819 4.5069379 4.1859247 4.9016942 4.0980569 4.5766513 4.1372363 3.7091928 3.8016146 4.3632629 4.1873486 4.7532309 3.7691940 3.7642558 3.7870701 3.4698082 4.2685815 4.0474831 3.8822314 4.2428328 4.2081117 3.6879460 3.7127789 4.3762508 3.7826245 3.7338928 3.7117644 4.2719936 3.9873824 4.2903047 3.6264995 4.0986488 3.5966148 3.9243417 5.1463615 3.4443590 4.2499257 4.0880341 4.9174390 3.4157601 3.5392244 3.9174570 4.0042952 4.2760869 4.4690586 3.8679140 3.9085269 4.4179085 3.5457337 3.5892769 4.2691785 3.6918695 0.5152238 4.7464530 4.1324705 4.2099125 4.4514344 3.9935203 3.9005467 5.0273973 4.1145552 4.4591938 4.1374859 5.1385285 4.2787588 5.2076271 4.1599168 4.5364759 3.5035410 4.2432128 4.3963464 3.7296956 4.3226301 4.4518670 4.3507982 4.4466021 4.2995622 5.1553532 4.8109813 5.2298448 5.3041041 4.1342567 3.9253528 4.4454230 4.5438765 4.6549297 4.4621381 4.2656665 5.0628363 3.8731670 4.6031857 4.0206237 4.7897532 4.5382262 4.6935312 4.7683738 4.0948184 4.3632779 4.4510978 4.3362511 4.4119095 4.8716461 4.3499308 4.4370646 4.2918457 4.4574192 5.4033507 4.3529307 6.5229653 7.1035733 8.9999987 8.6942572 8.0698925 8.9999988 8.3089878 8.9999990 8.9999988 9.0000000 8.9999990 8.6923608 6.8922526 7.3203990 7.0123759 8.1651930 7.0880189 7.4149032 7.9263034 7.5770568 8.9999986 8.3850423 8.4076441 8.9999981 8.9999980 8.9999982 8.1568232 7.6909469 8.9999987 8.9521382 7.0346792 8.9999990 7.8284254 7.6692731 
HPHV_Gerbil_hepacivirus_E1_219-405_AlphaFold.pdb                                         3.2574774 0.3381139 0.3468528 1.6159807 1.9213615 2.1635503 2.9488650 2.7666643 2.3155403 1.6651236 2.5933385 3.4252792 2.8603695 3.7721112 0.0000000 4.5008310 2.9268724 1.7050968 3.8647527 0.3266246 0.3098831 0.3298819 0.3227394 0.3390749 1.4467121 2.2326324 2.7259170 1.5719777 2.6411288 2.2979378 2.2415018 0.6897412 3.4217564 2.8580222 2.6079459 1.0268331 3.2134837 3.0799489 3.1739516 3.5637291 3.4773962 3.0156292 3.0341979 1.6313008 1.8574692 3.9437556 0.7528990 0.7410455 1.5816018 3.1025520 3.1113171 3.2722173 2.5824124 2.8577000 2.7832353 0.6443370 0.8010573 1.1010480 1.2046182 3.4515336 0.3318071 1.0609744 0.3716757 0.4196704 2.8689563 2.6917720 0.7517443 2.8106811 2.6631972 0.7630098 0.3003542 2.8953828 0.7656765 0.3610516 0.7527265 2.7310450 2.4646710 2.7291139 0.7677404 2.6103696 0.3856130 0.7907028 2.8495510 0.3985441 1.1413455 1.0844409 1.6724300 3.6537635 2.7937211 1.7293112 1.7753886 3.3970985 2.8000677 0.7397995 0.7409268 1.6326573 0.4610138 0.3308943 2.9600778 2.5497426 3.8569054 3.6309366 4.1812848 3.9768106 3.7774402 3.2739908 4.1515279 3.5661974 3.6438967 3.9284497 3.7952929 4.7936210 3.6210895 4.2521752 3.9731268 3.6210969 3.2986301 3.1893718 3.3099186 3.9275961 3.5271121 3.5515514 3.5082847 3.5982396 3.4886027 4.1407534 3.6776112 3.5626554 3.6216029 4.2785149 3.9046082 3.2195887 3.4676475 4.2367098 3.5738286 3.5182555 4.7082074 3.6614024 3.7859288 4.2242944 4.0655943 3.7682239 3.8060550 3.9166356 3.8129935 3.9277440 3.9402140 3.6166546 3.6715806 4.0742839 4.2876808 3.8924009 3.6938906 4.3093702 3.6238018 5.1399963 8.9353613 7.4378361 8.2351908 8.7111544 8.9999986 8.9999988 8.5988759 8.9999985 8.8989881 8.9999989 8.8475153 8.0733859 6.8418920 8.9999987 8.7067820 8.9999984 8.9999990 8.9999988 8.9999984 8.9999981 8.6427591 8.3796411 8.9999987 8.9999980 8.9999986 8.6070328 6.0998078 6.8561142 8.1748666 8.5274641 6.7386262 8.9999984 7.6647959 7.6043048 
HPHV_Guangxi_chinese_leopard_gecko_hepacivirus_E1_660-850_AlphaFold.pdb                  3.4555532 4.0428179 4.1079994 3.5946219 3.7843868 3.1390840 4.3237722 3.3297692 3.2576148 4.6886150 3.4591476 2.9805618 3.4538577 1.7989019 4.5008310 0.0000000 4.1166153 4.8115794 1.9574401 3.9561306 4.1414643 4.0312701 4.0191506 4.0522656 4.4376044 4.3967791 3.8745709 4.4643465 3.3315682 3.9688409 3.6305678 4.7831694 3.4970651 3.4415058 3.9560824 3.9414656 4.6256636 4.3979284 4.4335694 4.8647160 4.8940363 4.5431633 4.2830166 4.1595745 4.1946941 3.3951814 4.6376070 4.8444979 4.4517342 4.4454225 4.2976130 4.4513221 3.4734241 3.3639629 3.3892724 3.7812112 4.7577473 4.1123538 3.2628275 4.6007715 4.1034998 3.6957183 4.3526057 3.8677850 4.7724359 4.9124272 3.5284178 4.9540732 4.8609240 4.0392211 4.0238683 5.3770287 3.5173490 3.9560887 3.6848036 4.8936136 4.4362126 4.9572549 3.5738347 4.8751629 4.3005586 4.6900385 4.4134280 3.9851946 4.4205049 3.7944910 4.6947817 3.1700311 3.3466519 3.7311251 3.8667738 3.2388483 3.9274453 4.6100426 4.5171277 4.2593195 4.0837309 3.6298210 3.7819695 3.8780863 1.8573990 4.2814125 3.5418649 3.4313802 4.5428165 3.3824968 3.8872358 4.5590833 3.9943924 4.1570528 3.4536703 3.5002692 3.3289253 4.3764592 4.3466279 3.8880738 3.6841617 3.3933010 5.1390241 3.7317840 3.5272483 3.7597007 3.5889837 3.6877307 3.5017088 3.5755616 4.0374690 3.5752707 3.6142450 3.7369184 3.6127273 5.2156591 3.2235537 3.7063755 3.6561362 3.4496044 4.0296066 2.8737448 3.7009089 4.1742368 3.7498994 3.6974719 3.6136476 3.8510587 3.7169970 3.3771748 3.6523024 3.7745380 3.5114335 3.6419196 4.1669368 3.9954994 3.6256554 3.4559308 3.6029619 4.3421002 8.0356991 7.3957394 7.1110673 6.7526858 7.2891641 7.1937662 6.6735672 7.0541836 7.5830733 9.0000000 6.7517137 7.6011794 6.3271951 6.3165649 6.4742100 6.7736144 6.0756338 6.2597525 6.0690005 5.9066947 7.3809460 7.1531189 7.3130373 6.8253875 7.0529789 7.3742202 7.1018914 6.1697212 5.0556766 8.9999990 6.3900557 7.0993551 7.5390198 8.4001360 
HPHV_Guangxi_houndshark_hepacivirus_E1_344-537_AlphaFold.pdb                             3.4118292 2.9650459 2.9181180 2.9784373 3.2461876 1.8715272 1.8589238 2.2502187 2.2126250 3.2828380 1.6406774 3.4206120 3.7958957 3.4903014 2.9268724 4.1166153 0.0000000 3.5413592 3.2462662 2.8374107 2.7633025 2.8629905 2.8293357 2.8176842 2.6816483 2.7983345 2.9658251 3.7754545 2.9065943 2.8604292 3.0904558 3.1262720 3.6730610 3.9692734 3.8893894 2.7454268 3.4017393 3.7631708 3.3754687 3.5030615 3.7705306 3.2402584 3.5749187 2.6825041 4.2646008 3.7277999 3.3591633 3.3968269 3.7189593 3.8711468 3.7216571 1.5920683 1.4520914 4.0113292 3.9281846 2.8461039 3.2292161 3.6407627 2.7762254 3.4814892 2.9200705 3.0360681 2.9087950 2.6842411 2.5150468 2.5441284 2.7570794 2.7280014 2.5659988 2.9007111 2.9298324 2.6871784 2.7273675 2.8060223 2.8387600 2.5489388 2.9704371 2.7982710 2.7032188 2.4691918 2.6930056 3.1488207 3.1194048 2.9701813 3.0141129 3.1856388 2.7839358 3.5416938 0.7634539 2.6574960 2.7210661 2.7314539 1.7691704 3.3181653 3.3124688 3.3262369 2.7328298 3.0876038 3.0701969 2.5978989 3.6304629 3.2866937 3.7088460 4.0212185 3.4440543 3.6588212 4.6631242 3.0468069 3.7769127 3.5631146 3.4160934 4.0569687 2.8008041 3.3442858 3.1464266 3.1627489 2.9543459 3.4771852 3.3445978 2.9782765 3.4750920 3.5853541 3.6037461 3.6093333 3.4937467 4.5883490 3.6259947 3.6117586 3.6212902 3.4671716 3.1001683 3.4451497 3.4282497 3.5452906 3.6197835 3.4945271 3.4922773 3.2186954 3.7324550 3.7456999 3.6246041 3.0504104 2.9294805 3.0981542 3.6444227 3.3555411 3.7961340 3.8864654 3.4763504 3.6199078 3.1859788 3.0821061 3.8227962 4.4056165 3.6427506 3.9041277 8.9999982 7.7947612 8.9999988 8.9999982 8.9999984 8.9999983 8.9999989 8.9999987 8.9999986 9.0000000 8.9999983 8.9999984 8.9999987 7.9820736 8.1154999 8.2752311 8.5864060 8.5569982 8.1866201 8.3494094 8.9999990 8.9999984 8.9999990 9.0000000 8.9999988 8.9999988 8.9999983 8.6468041 9.0000000 8.9999986 8.9999985 8.9999983 8.9999983 8.1001069 
HPHV_Guereza_hepacivirus_E1_180-392_AlphaFold.pdb                                        2.7395382 1.7292460 1.7258858 1.9970490 2.6063784 2.9313951 3.1636101 2.6593906 2.6720696 0.4338262 3.2425314 3.0312960 2.6751431 4.5745058 1.7050968 4.8115794 3.5413592 0.0000000 4.9153547 1.5456781 1.5252372 1.5437146 1.5531769 1.4992339 1.9975249 2.4355093 3.5889847 2.1106920 3.1083719 2.8395861 2.6848189 1.8578389 3.2081694 2.7438074 3.0228935 1.7924191 3.1603815 3.4379351 3.2816405 3.2599081 3.2841668 3.2277346 3.5014655 2.2736233 2.6284175 3.0318523 1.9657644 1.9892446 2.4699477 3.5488799 3.3759324 4.2718947 3.3882670 2.7163880 2.7121673 1.7107515 1.9157207 1.7433343 1.8564556 3.2542314 1.7188012 1.7190237 1.6941569 1.6835108 2.7647863 2.8106143 1.7973062 2.6894583 2.6589283 1.8154723 1.6432922 2.9269353 1.8065909 1.7821509 1.7745301 2.6654172 2.6553937 2.6683511 1.8196646 2.6568953 1.5995122 1.9313003 2.6928946 1.6672266 2.0082206 1.8716468 1.9525497 3.4677884 3.5647450 1.9215804 2.0048299 3.6577938 3.1998885 1.9389271 1.9394643 2.2065974 1.5977410 1.7871678 3.8254022 3.2943777 4.3727428 4.1495077 3.9831615 4.0388492 4.2324450 3.4715715 3.6272566 4.3209337 4.2999082 3.8339493 3.8877875 4.4429956 3.2013825 3.6976782 4.4846131 3.6772406 4.1805690 3.0477107 3.1033142 4.1705567 3.8371041 3.8631590 3.9077245 3.8943859 3.8432463 3.6742684 3.2047661 3.2128642 3.2197485 3.6628738 3.6199534 2.7754085 3.8831681 3.5449988 3.8314140 3.8595686 4.2916386 3.3200263 4.6814200 4.3817713 3.3648674 3.0737771 3.0803718 3.4216603 3.8769486 3.8197865 3.8478621 3.9383260 4.3856178 4.2878843 3.6988992 3.3716597 3.7392633 4.4667348 3.3867192 5.3785074 8.9999989 8.2906727 7.1937287 7.8963404 7.4257716 7.1610684 6.2348294 8.9999987 8.9999982 8.9999989 8.6113974 8.1615683 7.5746676 9.0000000 8.5554233 7.9371869 8.2672242 8.7021079 8.8914069 8.3000786 6.6762078 5.9027788 5.9647335 7.4553705 6.8806407 6.5312846 5.9537667 6.9635432 6.7431275 8.9999989 7.3589942 7.4228533 7.3561248 8.4181150 
HPHV_Hainan_oriental_leaf-toed_gecko_hepacivirus_E1_219-407_AlphaFold.pdb                4.1895215 3.9069707 3.9310509 4.1028336 4.9221240 4.6484670 3.9025870 3.5455776 3.5263682 4.4006532 3.9686920 3.6432469 4.0672799 0.7332245 3.8647527 1.9574401 3.2462662 4.9153547 0.0000000 3.9843177 3.9840000 3.9843177 4.0057888 3.9018433 5.3888503 4.2222309 4.1975168 4.9088528 3.7343796 4.7214188 4.1922147 4.1229559 4.3326565 4.1306684 4.6512783 4.1454320 4.7463680 5.0545567 4.8077866 5.0136002 4.8146229 4.6854437 4.3496727 4.4625761 4.6142509 4.6680328 4.5064960 4.4629315 4.7883762 5.0500286 5.0405179 5.5392544 4.1033097 4.4068305 4.0980105 4.3944117 4.3642139 4.4505164 4.0182682 5.1644150 3.9190747 3.7601345 3.9980682 4.0513622 5.1491283 4.9816287 4.2479028 5.2595528 5.1658867 3.9104606 3.7678195 4.9249907 4.2292394 4.0695967 3.9201140 5.2423729 4.5501928 5.0551713 4.1598801 4.9999986 3.9247195 4.5256238 4.7555397 3.6921158 4.6669459 4.5810944 5.0283482 4.2419693 3.3594114 4.7152299 4.7817423 4.3181506 4.5782399 4.4536768 4.5621535 4.8304419 3.7943676 3.8937414 3.9743407 4.8175831 0.7419105 5.2450168 4.5592126 4.6685341 5.3958113 3.9890719 4.5814728 5.2581377 4.5073404 4.2825236 4.7169218 5.3988250 4.0367342 4.9541053 5.6280084 4.6955178 4.7100395 4.7145394 4.4069518 3.8245147 4.5101734 4.5260563 4.5412414 4.5758272 4.5057798 5.5529314 4.8491817 4.5106321 4.5361806 4.3963319 3.8797873 4.9926052 4.6582846 4.6769882 4.6775477 4.4968670 5.0331218 4.1730323 5.1796033 5.7115827 5.0444703 4.5278078 4.6268561 4.5247116 4.6451450 4.9644686 4.8499198 4.9354993 4.8924168 5.2450713 4.4690623 4.3715879 4.9799265 5.2980115 4.6614185 4.7568955 5.9835229 6.4739445 8.3752100 8.3386856 7.9328674 8.9999986 7.8120452 8.9999980 8.9999981 8.9999985 8.8141321 7.0842419 7.3648200 5.8445673 6.5268430 6.8192927 5.8742851 6.3896693 6.3342639 6.2607549 8.7373517 8.0653866 7.6073383 8.8984415 8.5201533 8.8402400 7.1118024 7.5946835 7.0617895 6.9064886 6.7170474 8.7647149 5.6886948 6.8424030 
HPHV_Hepacivirus_F_E1_152-338_AlphaFold.pdb                                              3.3417473 0.3924451 0.4172820 1.5829839 1.9020546 2.0834304 2.8226575 2.7011381 2.6760717 1.6092813 2.4630285 3.2244616 2.8866718 3.2740130 0.3266246 3.9561306 2.8374107 1.5456781 3.9843177 0.0000000 0.0214032 0.0052951 0.0105943 0.0214567 1.3881769 2.2637797 2.5380923 1.4531049 2.6267860 2.4310913 2.2383711 0.6959030 3.4520522 2.8968254 2.5380649 1.0815799 3.0006253 3.1300088 3.2352886 3.2815132 3.3225503 2.9394043 3.1616561 1.6815803 1.7126265 4.0412204 0.8118442 0.8047644 1.5681864 3.0585007 3.1034934 3.6325084 2.4162731 3.0277851 2.8828429 0.6925437 0.7828465 1.0396240 1.1741726 3.4569475 0.4016567 1.1261759 0.4229629 0.4284422 2.8671520 2.6500169 0.7637321 2.6179423 2.6246941 0.8969893 0.2957254 2.6878458 0.7378268 0.4528173 0.7841975 2.6437602 2.1697186 2.6935069 0.7585972 2.5595336 0.4709355 0.7706737 2.6685008 0.2372997 1.1107642 1.0519749 1.6377744 3.5547524 2.7286943 1.6836409 1.6846209 3.3904034 2.5454380 0.7920245 0.8004943 1.5924692 0.4873859 0.2992923 2.8607706 2.5940107 3.4166745 3.7231830 4.2857075 3.8872601 3.8729077 3.3980273 4.0975152 3.8637064 3.6338517 4.0343654 3.7204213 4.2169834 3.8996870 4.2818072 3.9315111 3.8226407 3.4719844 2.7881340 3.0205260 4.0197770 3.4458399 3.5611003 3.4278345 3.5537631 3.4622621 4.1210617 3.6738092 3.7697017 3.8424617 4.4143096 4.0239072 3.0988918 3.6037123 4.0603544 3.4927428 3.4775233 5.1037268 3.9896757 3.8606867 3.7635260 4.5058614 4.3743793 4.3036104 4.1035610 3.4079836 3.6142387 3.4214535 3.3449587 3.6485471 4.0182593 4.4814942 4.1631687 3.5013742 4.0842755 3.8228631 5.6915301 7.2150279 6.4960131 7.6520903 8.5062471 8.5009082 8.2028185 8.1119364 8.9999990 8.6559459 8.9999987 7.0340693 6.4549923 6.1139325 8.0820117 8.7444532 8.9999989 8.9999983 8.7195949 8.9999985 8.4613982 8.1063482 7.6124271 7.6109184 8.4755677 8.3218500 8.1380708 5.5842625 5.8538129 6.5865221 7.4277690 6.1349760 8.1525532 6.5825042 6.6212281 
