190
HPHV_Bald_eagle_hepacivirus_E1_170-361_AlphaFold.pdb                                     0.0000000 0.4472380 0.4525143 0.4076435 0.4372872 0.4374382 0.5087918 0.3939023 0.5015717 0.4914494 0.4568919 0.3535694 0.4368273 0.5557160 0.5318092 0.5711879 0.4451919 0.5473926 0.6041152 0.4730803 0.4993326 0.4887337 0.4981553 0.5215427 0.4775240 0.4204813 0.4224357 0.5196001 0.4156399 0.4793616 0.4922565 0.4314174 0.3585265 0.4918994 0.4633534 0.4298141 0.5075531 0.4517747 0.3677836 0.4295590 0.4649474 0.4078655 0.4596121 0.5181806 0.3744652 0.3535537 0.4753792 0.4633013 0.4762680 0.4442439 0.4401363 0.4796259 0.6514327 0.4715694 0.4801228 0.4384989 0.4689931 0.4505904 0.5025738 0.4582526 0.4551253 0.4661465 0.5048422 0.5582241 0.4366045 0.4393280 0.4603609 0.4658192 0.4509212 0.4809089 0.4885587 0.4329192 0.4251626 0.5012165 0.4119000 0.4118187 0.4526529 0.4183216 0.4730477 0.3681675 0.4929460 0.4440245 0.5111378 0.5041544 0.5130279 0.4530412 0.4766462 0.4672503 0.4536296 0.4611221 0.4251974 0.4291652 0.5552143 0.4607752 0.4307044 0.4871048 0.4566492 0.5007157 0.6053529 0.4863584 0.6021393 0.5451238 0.7139117 0.5020599 0.5562775 0.7303479 0.5311051 0.5233204 0.6112682 0.5298347 0.4688544 0.4668493 0.6752438 0.6258809 0.5324985 0.5469833 0.4881367 0.3813948 0.5355986 0.5282579 0.5671189 0.5276830 0.5358126 0.5593621 0.5558281 0.5833942 0.5977783 0.7234628 0.7324489 0.6113464 0.5105037 0.5607613 0.5140981 0.4494349 0.5173029 0.5541855 0.5494790 0.6420276 0.5055818 0.4577649 0.6371037 0.6368554 0.6546443 0.5319800 0.5457546 0.4893497 0.5056654 0.4976282 0.5147906 0.6675044 0.6446159 0.6482358 0.6057149 0.7254711 0.7443201 0.5352691 0.7330711 0.7679380 0.8097644 0.8363974 0.8367326 0.8050526 0.8349199 0.9485618 0.8918335 1.0984540 0.8186449 0.9074731 0.8186866 0.7504121 0.7848366 0.8433653 0.6763464 0.9146556 0.8208171 0.8343867 0.8622471 0.8890210 0.8564545 0.8879104 0.8337455 0.8554969 0.7833970 0.8624331 0.8021950 0.9517036 0.7750015 0.8681961 0.8333949 0.7026985 
HPHV_Bamboo_rat_hepacivirus_OM451124_E1_171-356_AlphaFold.pdb                            0.4472380 0.0000000 0.1211844 0.2930330 0.3365401 0.4341840 0.4507554 0.4407564 0.4188763 0.3245275 0.4095308 0.5455035 0.4638339 0.6052855 0.1987059 0.5743465 0.4555473 0.4032383 0.7151739 0.1794253 0.1859564 0.2061999 0.2262503 0.1939845 0.3109727 0.3831980 0.4646508 0.2286346 0.4456244 0.4011023 0.3624552 0.2116808 0.5807941 0.5228144 0.5692330 0.2343799 0.4177943 0.3792209 0.3434552 0.4141303 0.3957736 0.4158084 0.4389238 0.3296649 0.3018260 0.5582835 0.2252903 0.2734995 0.2455427 0.3714687 0.3856950 0.6014800 0.5259969 0.4393950 0.5132947 0.2019810 0.2005567 0.2567192 0.3188902 0.4096289 0.0513168 0.2450956 0.1024477 0.1804440 0.3396989 0.4196080 0.2170313 0.4606406 0.4063942 0.1875158 0.1483570 0.3836378 0.1827639 0.1708383 0.1891979 0.3807754 0.3678018 0.3917423 0.1791740 0.4050498 0.1625657 0.2142884 0.4415783 0.2279815 0.2230036 0.2719409 0.2839830 0.5748597 0.4335227 0.3000752 0.2689856 0.4604649 0.4892001 0.1943540 0.2345303 0.2531479 0.1843001 0.2009956 0.6035960 0.4588110 0.6568656 0.7124974 0.6270583 0.5446302 0.7044013 0.7059229 0.5466914 0.6645484 0.6070012 0.5792796 0.5364407 0.5475619 0.6594062 0.7030452 0.6230829 0.6096707 0.6080200 0.6266666 0.5649767 0.5382317 0.6182242 0.5858013 0.6301820 0.5627370 0.5643472 0.7188438 0.6613551 0.7007580 0.7079667 0.5887514 0.4988903 0.6444985 0.5526764 0.4661795 0.6014037 0.6124460 0.6796121 0.7270168 0.6295046 0.5617036 0.5822231 0.5893978 0.6504991 0.5249783 0.6481341 0.5973327 0.5961880 0.6520447 0.5470705 0.6696214 0.6835921 0.6664570 0.6510483 0.7461287 0.6878058 0.5324294 0.9330045 1.0576813 1.0557440 1.0996299 1.0916560 1.0458128 1.0057148 1.0567059 0.9170306 1.2680283 1.0133316 1.0753649 1.0031711 1.0037223 0.9090525 0.9954836 0.8351572 1.0222412 0.9918536 0.9808952 1.1664810 1.0884182 1.0703480 1.1509078 0.9807415 1.0002461 0.9447298 0.9759324 1.0313100 1.0538488 0.9388125 1.1540509 0.9964136 0.9577929 
HPHV_Bamboo_rat_hepacivirus_OM480528_E1_171-357_AlphaFold.pdb                            0.4525143 0.1211844 0.0000000 0.3121705 0.3040444 0.4251076 0.4752174 0.4535187 0.3738301 0.2982938 0.4635927 0.5348576 0.5239533 0.5519907 0.2309259 0.5856309 0.4826228 0.3933329 0.7370858 0.2054298 0.2029478 0.2342350 0.2211142 0.1953920 0.2851442 0.4395169 0.4516541 0.2219405 0.4820999 0.4164585 0.3896476 0.2196984 0.6107478 0.5520977 0.5643398 0.2912056 0.4291652 0.3818075 0.3833810 0.4081386 0.4235776 0.4360410 0.4169328 0.3226689 0.2661480 0.5592807 0.2010715 0.2473501 0.2078472 0.4006082 0.3884222 0.6054801 0.5072121 0.4879157 0.5156757 0.1812482 0.1854233 0.2558674 0.2972789 0.4445023 0.1419506 0.2241766 0.1079423 0.1913665 0.3977214 0.4091059 0.2061799 0.4427597 0.3981931 0.2257721 0.2054171 0.3905502 0.1773372 0.1433479 0.1831830 0.3813162 0.3817509 0.3926685 0.1856200 0.3966155 0.1966636 0.2355266 0.4276873 0.1557698 0.2366495 0.2678046 0.2607579 0.5766165 0.4465326 0.2572627 0.2211416 0.4846967 0.4841815 0.2000308 0.1813512 0.2704763 0.1872735 0.2469607 0.5933749 0.4656702 0.6349984 0.6979654 0.6936633 0.6287873 0.6481294 0.6898923 0.5859985 0.6433709 0.6489668 0.5713408 0.5725321 0.5481997 0.6929105 0.7441070 0.6108146 0.5924614 0.5733937 0.6084489 0.5804620 0.5385084 0.6314211 0.6165494 0.6393687 0.6125311 0.6280392 0.7557136 0.6407173 0.6684768 0.7090268 0.5877486 0.4997135 0.6344891 0.5896875 0.4573947 0.6508497 0.6389871 0.6838854 0.7073243 0.6732117 0.5668356 0.5602453 0.5924770 0.6390588 0.5906975 0.6759458 0.6290604 0.6690324 0.6588534 0.5949275 0.6796965 0.7312826 0.6540659 0.6992215 0.7670027 0.7023314 0.5449238 0.9101944 0.9813134 1.0443398 1.0536375 1.0757317 1.0376911 1.0254023 1.0713046 0.8890191 1.1755988 1.0315176 1.0854976 0.9317248 0.9491567 0.9881107 1.0194197 0.8840807 1.0354149 0.9842107 1.0202794 1.1437510 1.0608267 1.0635973 1.1011115 0.9535721 1.0392467 0.9463422 1.0098507 0.9517763 1.0268617 0.9146528 1.1108616 0.9514810 0.9386262 
HPHV_Bat_hepacivirus_BK013349_E1_149-356_AlphaFold.pdb                                   0.4076435 0.2930330 0.3121705 0.0000000 0.3588629 0.3828852 0.5003254 0.4767445 0.4286423 0.4461861 0.3951290 0.4936510 0.4817896 0.6565092 0.3971632 0.7133974 0.4297695 0.4575278 0.7322496 0.3641214 0.3756190 0.3813862 0.3894770 0.3418443 0.3394136 0.4649371 0.4637845 0.3125089 0.4385119 0.4217098 0.4220007 0.2987622 0.5808544 0.5531713 0.5146523 0.3790511 0.4581873 0.4458240 0.4400068 0.4547258 0.4342879 0.4904514 0.4373829 0.3472167 0.3154293 0.5376775 0.3123913 0.3667602 0.3144639 0.4201106 0.4447733 0.5127965 0.5781681 0.5132513 0.5621695 0.2596085 0.3558146 0.3672019 0.3469863 0.4560973 0.3555497 0.2888580 0.3286154 0.3467379 0.4278268 0.4773302 0.3296868 0.4565557 0.4646927 0.3006035 0.3353600 0.4217477 0.2690204 0.3413554 0.2396830 0.3619358 0.4212073 0.4544662 0.3122747 0.4094924 0.3650443 0.3590192 0.4330091 0.3067053 0.2705877 0.3358252 0.3909384 0.6199823 0.3778040 0.3399225 0.2878498 0.5287008 0.5451078 0.3314351 0.2519104 0.3638980 0.2910674 0.3950130 0.6085713 0.4461364 0.7105232 0.6398628 0.7366766 0.5772623 0.6168013 0.6922875 0.6084840 0.6362798 0.6173278 0.5841955 0.5522377 0.5908587 0.7585891 0.7047649 0.5993792 0.5136184 0.5678207 0.5724166 0.5884240 0.5664092 0.6720452 0.6433043 0.7184654 0.6399732 0.6390992 0.6113718 0.6656014 0.7300197 0.7007447 0.6034723 0.5487460 0.6714631 0.6252622 0.5244702 0.6639483 0.6471194 0.6757774 0.7308697 0.6262929 0.5580423 0.6314687 0.6439035 0.6444327 0.5626810 0.6531704 0.5981169 0.6135961 0.6598169 0.5796518 0.7466719 0.7638946 0.6506480 0.6488878 0.6557556 0.7495135 0.6006305 0.8988635 0.8805914 0.9924538 1.0166523 0.9968214 0.9559045 1.0317441 1.0760360 0.9287460 1.2814797 0.9897053 1.0866127 0.9281756 0.9065859 0.9187804 1.0266010 0.8380681 1.0483927 0.9863443 1.0004230 1.0857754 0.9938409 0.9807228 1.0284405 0.9133141 0.9880528 0.8750916 0.9269777 0.9601145 0.9518848 0.8392492 1.0047736 0.8979375 0.9565804 
HPHV_Bat_hepacivirus_TA166TZA2013_E1_138-324_AlphaFold.pdb                               0.4372872 0.3365401 0.3040444 0.3588629 0.0000000 0.4629167 0.4904040 0.4394993 0.4065211 0.4086194 0.4425870 0.4910785 0.4451565 0.5591777 0.3657001 0.4818573 0.4926054 0.4068377 0.6459200 0.3484017 0.3683427 0.3771754 0.3734755 0.3455108 0.3076217 0.4225439 0.4199921 0.3391366 0.4468771 0.4312512 0.4193241 0.3257686 0.4799924 0.4679037 0.5134707 0.3738924 0.4601197 0.4131857 0.4023165 0.4037743 0.4003534 0.4117459 0.4494027 0.2740828 0.3200285 0.5155524 0.3501107 0.4249935 0.3428677 0.4489581 0.4250411 0.5565014 0.5642131 0.4527386 0.4642612 0.3361094 0.3252017 0.4089868 0.2750614 0.4414989 0.3447168 0.2910809 0.3600089 0.3895859 0.4381234 0.4876051 0.4004709 0.4485206 0.4584056 0.3553226 0.3918888 0.4347812 0.3400294 0.3215007 0.2869384 0.4648468 0.4178024 0.4576583 0.3492214 0.4632376 0.2985119 0.3710426 0.4559518 0.3797974 0.3530730 0.3493389 0.4086912 0.6030326 0.4810504 0.3319691 0.3681734 0.4953410 0.4995942 0.4024560 0.3463111 0.3410997 0.3469408 0.3656391 0.5929832 0.4601558 0.6519247 0.6038520 0.6079533 0.5384034 0.6158881 0.6121384 0.5311730 0.5957482 0.5461792 0.5912724 0.4931588 0.4658506 0.6439486 0.7077282 0.5749938 0.5584436 0.5856712 0.5910995 0.5684856 0.5267882 0.6133377 0.5773576 0.5786948 0.6087102 0.5893656 0.6758794 0.6131213 0.6330784 0.6518149 0.6141267 0.4654898 0.6533436 0.5270673 0.5383148 0.6316438 0.6017634 0.6486133 0.6807179 0.5863981 0.5389032 0.5436821 0.5418241 0.5952370 0.5005161 0.6010849 0.5385340 0.5635860 0.6188395 0.5110731 0.6941563 0.6964132 0.5787281 0.6420451 0.6878676 0.6295455 0.5033950 0.8673140 0.9335192 1.0422860 1.0496707 1.0645872 1.0129700 1.0058983 1.0839780 0.8679777 1.3508787 0.9931962 1.0797152 0.8699792 0.9486604 0.9303658 0.9400921 0.8822558 1.0765831 0.9577637 0.9400096 1.1310710 1.0843520 1.0946753 1.0940333 0.9733650 1.0372831 0.9732864 1.0039966 0.9601919 0.9568025 0.7772208 1.1280825 0.9188359 0.8758283 
HPHV_Catfish_hepacivirus_E1_355-549_AlphaFold.pdb                                        0.4374382 0.4341840 0.4251076 0.3828852 0.4629167 0.0000000 0.4671705 0.3882986 0.3183082 0.4868060 0.3820487 0.4663833 0.4699279 0.6035937 0.4126678 0.5435852 0.3339958 0.5268257 0.5629541 0.4755850 0.4518154 0.4763860 0.4741551 0.4643783 0.5056842 0.4303679 0.3942657 0.5183041 0.4490779 0.3983330 0.4424287 0.4501045 0.5762262 0.4529023 0.5678340 0.4443005 0.4461021 0.4819429 0.4272256 0.4964239 0.4870951 0.5041407 0.4339651 0.5054624 0.4699297 0.5235475 0.4822255 0.4761063 0.4651546 0.4564435 0.4730012 0.5356491 0.3319320 0.4214932 0.4408054 0.4921125 0.4945244 0.4362019 0.3957806 0.4841216 0.4678946 0.4594918 0.4617129 0.4867970 0.3770732 0.4291525 0.4815289 0.4616202 0.4399338 0.3987347 0.4160849 0.4032949 0.4613937 0.4673742 0.4268130 0.3755835 0.4437920 0.4352293 0.4406010 0.4141608 0.4871891 0.4324912 0.4830032 0.4603366 0.4379169 0.4742556 0.4738946 0.5024850 0.3003877 0.4279078 0.4055188 0.4312582 0.3345701 0.4627477 0.4425112 0.4323082 0.4389738 0.4615816 0.5565525 0.3952550 0.6169839 0.5954067 0.4743449 0.5979854 0.5980339 0.5323659 0.5348652 0.5587386 0.5764610 0.6110253 0.4790238 0.4697495 0.5089809 0.5024822 0.4776599 0.4984492 0.4594947 0.4699835 0.5543508 0.4917941 0.5649522 0.5377093 0.5834839 0.6036396 0.5416257 0.5954664 0.5913017 0.5825997 0.5215706 0.4706291 0.4176590 0.5773576 0.5445327 0.4767831 0.5245755 0.5838240 0.5458767 0.4510690 0.5380140 0.4289681 0.4293393 0.4707443 0.5196607 0.4756994 0.5817167 0.5372373 0.5480184 0.6047693 0.5687974 0.5854179 0.5411146 0.4525401 0.4861421 0.5992288 0.5643691 0.4855803 0.8897893 0.9476334 0.8751552 0.8886471 0.9522017 0.8539989 0.9137447 1.1308540 0.9667233 1.1435844 0.8394816 0.9653310 0.9511063 0.8245414 0.9090733 0.9814716 0.7600420 1.0599980 0.9893548 0.9057523 0.9820054 0.9164979 0.8833357 0.9708146 0.8117900 0.8680427 0.8358944 0.9337936 0.9416451 0.9747826 0.8724693 0.9249746 0.8716147 0.8721290 
HPHV_Chaetodon_aureofaciatus_hepacivirus_isolate_F25_E1_180-366_AlphaFold.pdb            0.5087918 0.4507554 0.4752174 0.5003254 0.4904040 0.4671705 0.0000000 0.4821689 0.4941757 0.4507958 0.4089175 0.4756215 0.4992314 0.6341508 0.4674448 0.5679819 0.5053599 0.5100336 0.6855702 0.4614114 0.4650424 0.4834223 0.4796210 0.5182485 0.4799881 0.4495589 0.5134968 0.5548299 0.5054697 0.5330162 0.4489937 0.4709106 0.6450800 0.4898301 0.5584982 0.4619219 0.4632751 0.4582712 0.4038507 0.4691516 0.4713764 0.4714373 0.4556350 0.5110564 0.5314667 0.5906925 0.5373173 0.5514264 0.5360396 0.4553798 0.4718827 0.6704477 0.5450453 0.4754162 0.5109698 0.4804246 0.5241163 0.4974757 0.4578419 0.4873613 0.4476094 0.4946109 0.4705021 0.4663143 0.4250700 0.4405801 0.5023966 0.4482135 0.4516132 0.4446665 0.4471896 0.4308418 0.5189536 0.4606078 0.4887293 0.4131315 0.3754934 0.4238587 0.5188362 0.3769486 0.4415531 0.4615494 0.4836313 0.5054987 0.5204259 0.4361368 0.5047112 0.5308364 0.4228127 0.5415599 0.5530594 0.4869254 0.4325025 0.4964807 0.5093152 0.4909882 0.4930613 0.4964037 0.6034709 0.5405158 0.7207681 0.6427323 0.6303530 0.5097043 0.6345155 0.6335136 0.5102302 0.6044953 0.5814792 0.5680925 0.4950743 0.4746292 0.6572219 0.7041871 0.5199143 0.5735891 0.5170096 0.6201119 0.5776135 0.4805962 0.5702453 0.5149571 0.5646745 0.5294142 0.5241438 0.6142515 0.6008530 0.7079242 0.6472141 0.5880554 0.4026124 0.6354427 0.5193900 0.5536053 0.5529209 0.5715930 0.5830434 0.6097633 0.5916814 0.4421811 0.5585038 0.6114139 0.6164596 0.5633054 0.6038571 0.5698299 0.5420833 0.5916391 0.4981932 0.6708125 0.6087566 0.5870657 0.6768596 0.7239349 0.6975535 0.6182084 0.9106986 1.0260656 1.0033222 1.0135235 1.0683547 0.9673675 1.0912454 1.1902309 1.0089556 1.4052879 0.9974489 1.1791467 1.0389571 0.9243142 1.0046429 1.0601691 0.9544073 1.0758748 1.0427151 1.0455117 1.0645967 1.0690927 1.0151124 1.1384674 0.9898853 1.0245565 1.0334223 1.0432905 0.9753912 1.1553599 0.9797154 1.0710462 0.9635373 0.9925733 
HPHV_Chinese_broad-headed_pond_turtle_hepacivirus_E1_298-486_AlphaFold.pdb               0.3939023 0.4407564 0.4535187 0.4767445 0.4394993 0.3882986 0.4821689 0.0000000 0.2959093 0.4959039 0.5127073 0.4937316 0.3753162 0.5794571 0.4412297 0.5178989 0.4584510 0.5702063 0.5753282 0.4410067 0.4721915 0.4541026 0.4692405 0.4894638 0.4909205 0.3940736 0.4366182 0.5282471 0.4122847 0.4541145 0.4640678 0.4204968 0.5322994 0.4239782 0.5432935 0.4036981 0.4052507 0.3827404 0.3610832 0.4377754 0.4055403 0.4305151 0.4140061 0.4886974 0.5510438 0.4743764 0.5043319 0.4907397 0.4922569 0.4225806 0.3877145 0.5742550 0.4573423 0.3745960 0.4011222 0.4930779 0.4814922 0.4777436 0.4578067 0.4572550 0.4668485 0.4768672 0.4970132 0.5259120 0.4048973 0.3919878 0.4815783 0.4174789 0.4061740 0.4370007 0.4435677 0.3928635 0.4730509 0.4961131 0.4435201 0.3672375 0.3935654 0.3828566 0.4444508 0.3821795 0.4702503 0.4656945 0.4241454 0.4825478 0.4780464 0.4531212 0.4171453 0.5427820 0.4575885 0.4173167 0.4013435 0.3842674 0.4821279 0.4527079 0.4571213 0.4480581 0.3972846 0.4355731 0.5444788 0.4702752 0.6126356 0.5905777 0.6224050 0.5851318 0.6456752 0.5986007 0.5396842 0.5561838 0.6245077 0.5872095 0.4686654 0.4676334 0.6031464 0.6044827 0.5366220 0.5626923 0.5517991 0.5183405 0.5660846 0.5509379 0.5708545 0.5745346 0.5948619 0.6158769 0.6009283 0.6687979 0.5709252 0.6416627 0.6043382 0.5453925 0.4913335 0.5250425 0.5142035 0.5193594 0.5357717 0.6001166 0.6081122 0.6115689 0.5646731 0.4614591 0.5028489 0.5153590 0.5536813 0.5291424 0.5962664 0.5457134 0.5667487 0.5649848 0.5408879 0.6953432 0.6017993 0.5932785 0.5506788 0.6771811 0.6695068 0.5465429 0.8715234 0.9551904 1.0385919 1.0647539 1.1131849 0.9967470 1.0318140 1.2152682 1.0260534 1.2427107 0.9998119 1.1276851 1.0396594 0.9114891 1.0238414 1.0698347 0.9585109 1.1312333 1.0246502 1.0257679 1.1289420 1.0811156 1.0240431 1.1327469 1.0455745 1.0927082 1.0289133 1.1013901 1.0381938 1.0974723 0.9869288 1.1076927 1.0540313 0.9596881 
HPHV_Chinese_softshell_turtle_hepacivirus_E1_301-487_AlphaFold.pdb                       0.5015717 0.4188763 0.3738301 0.4286423 0.4065211 0.3183082 0.4941757 0.2959093 0.0000000 0.4755806 0.4101032 0.4977278 0.4265043 0.4963941 0.4108983 0.5511582 0.3558165 0.5451357 0.5355079 0.4132140 0.4217604 0.4191565 0.4232336 0.4326097 0.4595675 0.4953440 0.4359263 0.4897605 0.4521810 0.4288005 0.4097230 0.4313983 0.5176085 0.4685382 0.5769416 0.4535765 0.4458423 0.4265166 0.4462862 0.4977561 0.4701951 0.4662738 0.4836127 0.5136319 0.4884527 0.5705633 0.4836268 0.5170040 0.4806246 0.4360695 0.4325654 0.4326416 0.3208364 0.3956111 0.4437179 0.4168527 0.4451402 0.4608836 0.3735227 0.4866195 0.4284957 0.4292879 0.4537996 0.5022181 0.4497940 0.4708849 0.4740709 0.4923107 0.4508644 0.3949705 0.4165512 0.4371318 0.4321546 0.4356153 0.4518725 0.3946166 0.4210370 0.4701559 0.4286071 0.4329207 0.4331788 0.4576990 0.4639065 0.4381430 0.4608469 0.4648468 0.4668296 0.5778084 0.3624640 0.4804595 0.4350701 0.4615841 0.3290123 0.4409248 0.4518456 0.4657855 0.4278619 0.4439690 0.4869609 0.3770985 0.5570075 0.5786449 0.5482889 0.5693284 0.5777481 0.5118492 0.5015905 0.5340138 0.5770584 0.5761203 0.5206731 0.4487827 0.5384779 0.5856536 0.4416012 0.4768766 0.5040100 0.4999688 0.4735009 0.4877070 0.6074698 0.5738116 0.5742959 0.6393036 0.5718065 0.6599070 0.5238095 0.6247070 0.5665835 0.4624291 0.4514792 0.4869186 0.5502866 0.4538009 0.5695873 0.6210691 0.5475730 0.5068374 0.5719403 0.4875009 0.4776526 0.5241844 0.5671739 0.4914126 0.5342844 0.5542020 0.5673334 0.6049198 0.5777053 0.6023553 0.6171139 0.4812714 0.4962444 0.6066297 0.6226727 0.3984285 0.9425026 1.0256825 1.0359012 1.0826991 1.0987544 1.0060668 0.9847436 1.1367488 0.9680542 1.1505146 0.9589000 1.1171473 0.9692484 0.9096866 0.9670674 1.0125828 0.9299631 1.1089910 0.9578985 1.0139558 1.0998885 1.0633401 1.0014461 1.1198470 1.0091668 1.0466467 1.0161630 1.0353537 0.9531598 0.9800936 0.8935366 1.0964607 0.9842324 0.9564580 
HPHV_Crab_eating_macaque_hepacivirus_E1_174-383_AlphaFold.pdb                            0.4914494 0.3245275 0.2982938 0.4461861 0.4086194 0.4868060 0.4507958 0.4959039 0.4755806 0.0000000 0.4374319 0.4902429 0.4465164 0.5570894 0.3361862 0.5529432 0.5521491 0.2726066 0.6527596 0.3773266 0.3674654 0.3749295 0.3879311 0.3459713 0.4232835 0.3979267 0.4999804 0.3564480 0.4761118 0.4221372 0.4239645 0.3579949 0.5948579 0.5173779 0.5251700 0.3382643 0.4473171 0.4114120 0.4262422 0.4057876 0.4380110 0.4487830 0.5006765 0.5004440 0.4276484 0.5291168 0.3452244 0.3501011 0.4071397 0.3887284 0.4265164 0.6305058 0.5437295 0.4417923 0.5035210 0.3558053 0.3696691 0.3596405 0.3257371 0.3873998 0.3009715 0.3653896 0.3353120 0.3560033 0.3819536 0.3700142 0.3453379 0.3746954 0.3784129 0.2804864 0.2489261 0.3641195 0.3379846 0.3281931 0.3161642 0.3363906 0.3536653 0.3521572 0.2988081 0.3273411 0.3310864 0.3863807 0.4547262 0.3345702 0.3362948 0.3657563 0.3718321 0.6428264 0.4836196 0.3521750 0.3434146 0.4782266 0.4951888 0.3245148 0.3106524 0.3602054 0.3201094 0.3101932 0.6734127 0.5122322 0.6454437 0.6885700 0.7325618 0.6207022 0.7717033 0.6424246 0.5840919 0.7194824 0.6638353 0.6612751 0.6028174 0.5884023 0.7277452 0.7169962 0.6075825 0.5586239 0.5925867 0.6309843 0.6250327 0.5828674 0.6725842 0.6157198 0.6441513 0.6089205 0.6069161 0.6674507 0.7035831 0.7725148 0.7843471 0.6306608 0.5791454 0.6039252 0.6044235 0.5813332 0.6767449 0.6789273 0.6435463 0.6490805 0.6742033 0.5755288 0.6833117 0.6575533 0.6971090 0.6270326 0.6421543 0.6185510 0.6264671 0.6677835 0.5979859 0.7818645 0.7507172 0.7032564 0.6731642 0.7886315 0.8163474 0.5927560 0.8686036 0.8723624 1.0044923 0.9625416 1.0406117 0.9808151 0.9578099 1.1109092 0.9928336 1.3036976 0.9685900 0.9662017 0.9517291 0.9216183 0.9762073 1.0215648 0.8643822 1.0156740 0.9948220 0.9731583 0.9837776 0.9454017 0.9790725 1.0724527 0.9747793 1.0047405 0.9366886 1.0334322 0.9582540 0.9907584 0.8355083 0.9664390 0.9249116 0.8782110 
HPHV_Cyprichromis_hepacivirus_E1_102-279_AlphaFold.pdb                                   0.4568919 0.4095308 0.4635927 0.3951290 0.4425870 0.3820487 0.4089175 0.5127073 0.4101032 0.4374319 0.0000000 0.4791141 0.5117421 0.5050766 0.4006400 0.6536210 0.4146803 0.4496233 0.5659485 0.4159224 0.4219990 0.4127786 0.4106549 0.4134718 0.5539783 0.4205814 0.4430152 0.4661780 0.5298831 0.4511887 0.4534367 0.4174158 0.5882237 0.5603422 0.5507080 0.4610694 0.4840081 0.4888958 0.4780248 0.5254051 0.4925727 0.5058161 0.5156520 0.4394677 0.4427127 0.5803084 0.3933729 0.4589136 0.4895611 0.4867836 0.4862657 0.4939923 0.4894773 0.5525229 0.5547251 0.3930641 0.3970434 0.4130741 0.4388052 0.5763169 0.4319744 0.4022918 0.4227377 0.4888294 0.3828185 0.4027847 0.4241046 0.4525076 0.4496227 0.3421264 0.4300520 0.4281757 0.4230903 0.4244951 0.4287194 0.4122942 0.4206355 0.4426000 0.4208310 0.3888292 0.4506938 0.3906478 0.4141569 0.4084159 0.3580133 0.3691480 0.4958880 0.3867352 0.3876039 0.4817401 0.4613964 0.5222705 0.4325408 0.4135906 0.3949993 0.4609914 0.4493219 0.4022768 0.5315811 0.4264909 0.5970434 0.6300141 0.6028033 0.4941181 0.6303448 0.6783976 0.5343809 0.6031920 0.5933310 0.5344019 0.4910729 0.5178861 0.5852904 0.6395978 0.4776733 0.5089535 0.5186747 0.5795426 0.5854668 0.4163742 0.5699984 0.5084777 0.6105216 0.5532379 0.5457439 0.5845400 0.6531089 0.6571398 0.5985230 0.4257371 0.4392982 0.6500895 0.5316656 0.5176740 0.5609012 0.5723941 0.5437751 0.5847943 0.6193105 0.4406449 0.5558200 0.5815760 0.5377954 0.5274187 0.5862341 0.5356180 0.5377675 0.5525424 0.5173590 0.6065087 0.5487019 0.5466329 0.5577298 0.6917350 0.6134537 0.6424588 0.7986621 0.7819474 0.8531592 0.8725473 0.8662035 0.8288382 0.8499004 0.9890543 1.0105540 1.1342985 0.7710851 0.8950777 0.8993567 0.7615459 0.7663921 0.8425314 0.7415898 0.8978001 0.8465178 0.8149489 0.8133555 0.8384556 0.8303574 0.9200061 0.8181029 0.8262173 0.8311064 0.8345013 0.8396435 0.8745968 0.8377971 0.8056005 0.7810841 0.8126529 
HPHV_Duck_hepacivirus_HCL-1_E1_289-481_AlphaFold.pdb                                     0.3535694 0.5455035 0.5348576 0.4936510 0.4910785 0.4663833 0.4756215 0.4937316 0.4977278 0.4902429 0.4791141 0.0000000 0.4094505 0.6931201 0.5269142 0.5407230 0.4611667 0.5686176 0.6038544 0.5467556 0.6040925 0.5462808 0.5825610 0.5360333 0.5671674 0.3929246 0.3937558 0.5390029 0.4769780 0.4530768 0.5329412 0.4663388 0.4601283 0.4680485 0.5745536 0.4273172 0.4853461 0.4433744 0.3842324 0.4031664 0.4545998 0.4542727 0.4357257 0.5566542 0.4629958 0.3858042 0.5251167 0.5221925 0.5176069 0.4406745 0.4477310 0.5825109 0.5660672 0.4303397 0.5033814 0.4615685 0.4860226 0.5092919 0.5139368 0.4696524 0.5329510 0.5055042 0.6067783 0.6350641 0.3972088 0.4039956 0.5075331 0.3736383 0.4196502 0.4619598 0.5209369 0.3611686 0.4514784 0.5808691 0.4322058 0.4148127 0.3566844 0.3883072 0.5181774 0.4240216 0.5962412 0.4960614 0.4744185 0.5010109 0.5200645 0.5023046 0.5862951 0.5233239 0.3911571 0.5201156 0.5774635 0.5246228 0.5556504 0.5284647 0.4642264 0.5568401 0.4701470 0.5073281 0.5127221 0.5120254 0.7106656 0.6115089 0.7464818 0.5229306 0.5711852 0.7046299 0.5184206 0.5906469 0.5634461 0.5733852 0.5567276 0.5163995 0.6916093 0.6465770 0.5871016 0.5436642 0.4680453 0.4766288 0.6309032 0.5883624 0.6364653 0.5987943 0.6573777 0.6236752 0.6329382 0.6363765 0.7309073 0.7073312 0.7102739 0.6726546 0.5720123 0.7055171 0.5937433 0.5890428 0.6055988 0.6647946 0.6254461 0.5833503 0.5719273 0.5001866 0.6611389 0.6210144 0.7521264 0.5965642 0.5749106 0.5426615 0.5370089 0.5349129 0.6067236 0.6369685 0.6630943 0.6739813 0.6010255 0.7722938 0.7440238 0.5808747 0.7575302 0.7349999 0.8327171 0.8433620 0.8533371 0.8123800 0.8809945 1.1263448 0.8851253 1.4213109 0.8649151 0.9772091 0.9192637 0.8101550 0.9165242 0.9208374 0.7815576 0.9698270 0.8544915 0.8953019 0.9945418 0.8958295 0.8826206 0.9348386 0.7965801 0.8658234 0.8436336 0.8761620 0.8213293 0.9074063 0.7722346 0.8953177 0.8416862 0.8267608 
HPHV_Equine_hepacivirus_E1_205-391_AlphaFold.pdb                                         0.4368273 0.4638339 0.5239533 0.4817896 0.4451565 0.4699279 0.4992314 0.3753162 0.4265043 0.4465164 0.5117421 0.4094505 0.0000000 0.6390391 0.4752050 0.5929118 0.4770291 0.5074746 0.5651710 0.4671541 0.5130451 0.4872456 0.5175515 0.4942057 0.5242110 0.3640653 0.3939780 0.5205506 0.3814611 0.3732460 0.4249235 0.4387884 0.5277959 0.1438729 0.5988361 0.4516367 0.3019260 0.2882355 0.2527823 0.3379098 0.2791912 0.2647988 0.2917330 0.4686066 0.4944795 0.4786192 0.5006616 0.5268675 0.4982647 0.3186096 0.3010604 0.6700529 0.4990813 0.1120856 0.1797805 0.4915771 0.4924182 0.4959923 0.4264025 0.2824808 0.5042599 0.4793070 0.5368677 0.5706432 0.3991873 0.4224209 0.5412009 0.3586702 0.4043064 0.4686180 0.4553322 0.4165424 0.4679131 0.5120793 0.4453213 0.3493717 0.3616697 0.3905245 0.4745515 0.3978887 0.5088291 0.4713041 0.4507219 0.5095577 0.4989353 0.4783666 0.4597479 0.5992730 0.4589140 0.4397835 0.4904868 0.4184308 0.4721101 0.5169593 0.4650340 0.4362344 0.4260703 0.4492076 0.5475777 0.5099989 0.6773135 0.5725074 0.5709965 0.5141184 0.6575818 0.5789103 0.4871969 0.5405367 0.4993636 0.5719015 0.4294174 0.4517136 0.5781557 0.5493250 0.5042417 0.5831681 0.5356816 0.4546610 0.5481322 0.5688387 0.5482902 0.5768120 0.5550078 0.5156898 0.5292549 0.6254888 0.6105207 0.6420211 0.6117997 0.5158142 0.5289620 0.5831854 0.4925726 0.5296956 0.4822260 0.5298042 0.6257145 0.5363968 0.5063302 0.4828501 0.5621371 0.5318237 0.5704719 0.4669365 0.5876628 0.5135638 0.5696197 0.5988416 0.5199953 0.6450708 0.5765341 0.6048766 0.5173695 0.5613894 0.6623629 0.4975426 0.9119232 1.0252214 1.0283338 1.0421393 1.0855475 0.9713309 1.0033371 1.1266375 0.9927254 1.2302276 0.9131651 1.0007996 0.9993717 0.8986184 1.0659585 1.0443197 0.9359791 1.0780760 1.0268511 1.0565612 1.0492720 1.0472978 1.0332359 1.0825639 0.9716572 1.0340309 0.9383323 0.9723736 0.9264084 0.9758220 0.9284615 1.0482267 1.0374615 1.0529980 
HPHV_Gecko_hepacivirus_E1_311-502_AlphaFold.pdb                                          0.5557160 0.6052855 0.5519907 0.6565092 0.5591777 0.6035937 0.6341508 0.5794571 0.4963941 0.5570894 0.5050766 0.6931201 0.6390391 0.0000000 0.6668920 0.6319048 0.6191231 0.6177765 0.6205125 0.6150477 0.5831541 0.5890758 0.6021309 0.6214773 0.6653193 0.6070242 0.6691328 0.6675820 0.6535558 0.6555917 0.6494056 0.5974639 0.7016111 0.7001568 0.6173570 0.5802192 0.7669471 0.7289656 0.7105136 0.7129325 0.7475140 0.7093821 0.7774397 0.6661098 0.5115151 0.6932419 0.6205174 0.6341892 0.6232958 0.7452620 0.7390751 0.6361314 0.6452960 0.6745717 0.6961714 0.6141110 0.6193855 0.6380570 0.6382057 0.7356977 0.6182788 0.6072356 0.5935452 0.5606412 0.5642242 0.6059438 0.6024810 0.6054250 0.6193964 0.6115844 0.5708832 0.5927424 0.5672014 0.5743930 0.5875958 0.6020949 0.5725818 0.6159619 0.6015632 0.5709325 0.6235507 0.6210204 0.5493776 0.5625460 0.6083018 0.6166128 0.7028257 0.5920839 0.6153895 0.5677817 0.5114058 0.6614900 0.6268753 0.6250668 0.6193932 0.6888084 0.5546783 0.6194748 0.7119506 0.6447356 0.2562208 0.6175247 0.6775407 0.6557877 0.6668041 0.6778492 0.6649822 0.6540390 0.7647815 0.5182044 0.5460955 0.5470301 0.7012623 0.7302842 0.5554395 0.5165247 0.5437460 0.6274367 0.6024102 0.4912293 0.5480054 0.5232493 0.5254119 0.5918923 0.5495471 0.7256510 0.6165220 0.7765070 0.7171874 0.5597839 0.5451525 0.6769750 0.5538153 0.5880242 0.6537666 0.5973184 0.6609329 0.6511459 0.6682186 0.5512991 0.6121222 0.6825436 0.6662802 0.6446363 0.6522773 0.6314636 0.6429687 0.5864319 0.5303095 0.7092408 0.6956314 0.6646420 0.7117847 0.8452457 0.8057482 0.6111030 0.8449117 0.8877047 1.0029762 0.9280335 0.9781240 0.9616851 0.9307214 1.1204301 0.9678169 1.2817007 0.9227711 1.0013787 0.9206658 0.9119220 0.9669675 0.9600826 0.8644399 1.0030790 0.9298092 1.0563488 0.9195977 0.9503769 0.9729943 1.1007232 1.0190390 0.9613987 0.9362016 0.9335083 0.8260245 0.8299581 0.8431501 0.9220885 0.9047591 0.7735695 
HPHV_Gerbil_hepacivirus_E1_219-405_AlphaFold.pdb                                         0.5318092 0.1987059 0.2309259 0.3971632 0.3657001 0.4126678 0.4674448 0.4412297 0.4108983 0.3361862 0.4006400 0.5269142 0.4752050 0.6668920 0.0000000 0.5530200 0.4789833 0.4213846 0.7250459 0.2177611 0.2330959 0.2744079 0.2753115 0.2248925 0.3994694 0.4151757 0.4455425 0.3515323 0.4683214 0.4475834 0.4151078 0.3054796 0.6268366 0.4966673 0.5811662 0.3481999 0.3824259 0.3992167 0.3874231 0.4167634 0.4108830 0.4239868 0.4106668 0.4509904 0.4326998 0.5730448 0.2921680 0.3474581 0.3503044 0.4022330 0.4058185 0.6081497 0.5437430 0.4836746 0.5085105 0.2752583 0.3034501 0.2703796 0.3572674 0.4107816 0.2005910 0.2994433 0.2349264 0.1612596 0.4223581 0.4692368 0.2990714 0.4910588 0.4629504 0.2122218 0.1650917 0.4416018 0.2852696 0.2392043 0.2953278 0.4423847 0.4343583 0.4654253 0.2871284 0.4698215 0.2868732 0.2499695 0.4710253 0.2325431 0.2632770 0.2744474 0.3464894 0.5866432 0.4545499 0.3834198 0.3720179 0.4586876 0.4873575 0.2258913 0.2936352 0.3353029 0.2767043 0.1725808 0.5926283 0.5074978 0.7138961 0.7624520 0.6734136 0.6612049 0.7380533 0.6812983 0.6424156 0.7229959 0.6944513 0.6816272 0.5704388 0.5752056 0.6508607 0.7901023 0.6155973 0.6872383 0.6067784 0.6316209 0.6011110 0.5913863 0.6523555 0.6513873 0.6555226 0.6129968 0.6430893 0.7302181 0.7577743 0.7231148 0.7487217 0.5963942 0.5476912 0.6657101 0.5927054 0.5281973 0.6571791 0.6714077 0.6775658 0.6764483 0.7172821 0.5306521 0.5859900 0.5993488 0.6892723 0.5552499 0.7323281 0.6558364 0.6824621 0.6707699 0.6230256 0.6873687 0.6891963 0.6764208 0.6575318 0.7580539 0.6885468 0.5845277 0.8717636 1.0110943 1.0132847 1.0395689 1.0628866 1.0089095 0.9939819 1.1289753 1.0654507 1.2215947 0.9639101 1.1188623 0.9783188 0.9550864 1.0209547 1.0447602 0.8536724 1.0180877 1.0320836 1.0195584 1.1178827 1.0659198 1.0510706 1.1063070 0.9626150 0.9686502 0.9316493 0.9838788 0.9995381 1.0850498 0.9382968 1.1176659 0.9554355 0.9589935 
HPHV_Guangxi_chinese_leopard_gecko_hepacivirus_E1_660-850_AlphaFold.pdb                  0.5711879 0.5743465 0.5856309 0.7133974 0.4818573 0.5435852 0.5679819 0.5178989 0.5511582 0.5529432 0.6536210 0.5407230 0.5929118 0.6319048 0.5530200 0.0000000 0.6235597 0.6006273 0.5622030 0.5665644 0.5781546 0.5597100 0.5662342 0.5941501 0.5425845 0.5256945 0.6361269 0.5910067 0.6143951 0.5747081 0.6027660 0.5828687 0.5448170 0.5751996 0.7052055 0.5813420 0.6567306 0.5582515 0.5992111 0.6002607 0.5816973 0.6301902 0.6458289 0.5461550 0.6028118 0.5730891 0.6303688 0.6374227 0.5951271 0.5595899 0.5636217 0.7582222 0.6194488 0.6043174 0.5830535 0.6078414 0.6110718 0.5944558 0.4634940 0.6173786 0.5560266 0.6009376 0.6101189 0.5529413 0.5828818 0.6379101 0.6702578 0.6301247 0.5816064 0.6142197 0.5394374 0.6116960 0.5952974 0.6143857 0.5754341 0.6337400 0.5855066 0.5999490 0.6148109 0.6293157 0.5346044 0.5800712 0.6065199 0.6101448 0.6579191 0.6000249 0.5542294 0.7072972 0.5937227 0.6092803 0.6332826 0.5443690 0.6640588 0.6175211 0.6128757 0.5550794 0.5966205 0.5536877 0.7116737 0.6222988 0.6641677 0.5624679 0.6490430 0.5578853 0.6626582 0.6955630 0.5511284 0.5585611 0.5815188 0.5665988 0.5232172 0.5084394 0.7774578 0.6795279 0.5594120 0.6374152 0.5559317 0.6255423 0.6474177 0.5468755 0.5323438 0.5283869 0.5162820 0.5756039 0.5363834 0.8530234 0.6841830 0.7747029 0.7101643 0.6421313 0.4641656 0.6963220 0.5355567 0.6666094 0.5568854 0.5685849 0.6351832 0.5914618 0.6248619 0.5550422 0.6741762 0.6577002 0.7366834 0.6548635 0.5547577 0.5052994 0.5492532 0.5483896 0.5433461 0.6647175 0.7801888 0.7734293 0.7137162 0.7994548 0.7847950 0.6581328 0.8626000 1.0317401 1.1817201 1.1864371 1.2152211 1.1459286 1.1802110 1.2809245 1.0037024 1.6332973 1.0824860 1.2361093 1.1125062 1.0845043 1.1522100 1.0688531 1.0381415 1.1952082 1.1349322 1.1045224 1.3048718 1.2956440 1.1895297 1.3045219 1.1748455 1.1906174 1.1365532 1.0980258 1.1641728 1.1187177 1.0652229 1.2331122 1.1022431 0.9724894 
HPHV_Guangxi_houndshark_hepacivirus_E1_344-537_AlphaFold.pdb                             0.4451919 0.4555473 0.4826228 0.4297695 0.4926054 0.3339958 0.5053599 0.4584510 0.3558165 0.5521491 0.4146803 0.4611667 0.4770291 0.6191231 0.4789833 0.6235597 0.0000000 0.5741032 0.6220980 0.4529548 0.4769134 0.4526023 0.4826592 0.4607405 0.5038348 0.5321119 0.4661623 0.4694592 0.5088319 0.5144195 0.5099007 0.4087007 0.5820828 0.5077660 0.5833175 0.4615975 0.4330908 0.4201130 0.4574294 0.5102090 0.4403679 0.5426370 0.4551205 0.4935571 0.4669308 0.5219908 0.4438333 0.4867163 0.5259605 0.4607680 0.4337255 0.4911695 0.4033945 0.4948149 0.5410808 0.4200285 0.4497825 0.4325316 0.4893409 0.5050560 0.5049596 0.4400509 0.5316226 0.5447563 0.5057635 0.5105214 0.4704089 0.5408040 0.4848020 0.4555739 0.4960834 0.5410183 0.4066384 0.4959086 0.3760536 0.4749700 0.4733315 0.5172248 0.4876985 0.5083356 0.4748029 0.4623326 0.4316959 0.4717387 0.4994653 0.4009313 0.5301438 0.5841416 0.3022560 0.4707180 0.4673086 0.5006204 0.3683590 0.4706831 0.4246565 0.4977229 0.3966420 0.4582437 0.5574136 0.4108753 0.6559084 0.6067804 0.5638075 0.5736787 0.6695388 0.7048421 0.5918531 0.6113895 0.6346014 0.5764644 0.5436424 0.4943260 0.5689853 0.5847330 0.5548081 0.6081044 0.5680420 0.4966889 0.4674315 0.5161391 0.6384462 0.6138637 0.6531855 0.6473870 0.6167424 0.6841353 0.6333145 0.6239425 0.6176897 0.5739393 0.4657954 0.5753184 0.5801646 0.5102161 0.5956533 0.6321856 0.5836194 0.6149075 0.6469362 0.5171921 0.5820787 0.5906256 0.6163844 0.5234692 0.6536429 0.6206107 0.5974601 0.6074701 0.5703044 0.6134313 0.6272788 0.5694654 0.5737921 0.6305941 0.6433956 0.5629209 0.9190430 0.9786516 1.0211547 1.0545446 1.0265645 0.9933299 1.0040838 1.1506322 1.0033917 1.2712317 0.8798233 1.0550096 1.0076907 0.9622646 1.0034793 1.0350056 0.8312039 1.0809632 0.9763634 0.9519755 1.0902797 1.0225735 1.0128967 1.0959971 0.8879811 0.9564114 0.8923765 0.9322601 1.0244482 1.0214332 0.9210069 1.0262033 1.0306739 0.9748725 
HPHV_Guereza_hepacivirus_E1_180-392_AlphaFold.pdb                                        0.5473926 0.4032383 0.3933329 0.4575278 0.4068377 0.5268257 0.5100336 0.5702063 0.5451357 0.2726066 0.4496233 0.5686176 0.5074746 0.6177765 0.4213846 0.6006273 0.5741032 0.0000000 0.7382653 0.4124206 0.3762651 0.4118300 0.4033900 0.4044632 0.3988018 0.4577896 0.5529883 0.4028690 0.5352613 0.5092633 0.5210912 0.4002411 0.6353460 0.5456047 0.5664912 0.4105306 0.5235209 0.4848568 0.5408168 0.5494932 0.4856748 0.5691055 0.5898831 0.4772712 0.4133226 0.5647678 0.3773259 0.4034342 0.4804368 0.4202394 0.4855033 0.6540454 0.6039070 0.5593195 0.5764300 0.3815480 0.4368152 0.3973182 0.3198365 0.5328632 0.3856894 0.4284414 0.4122244 0.3777339 0.4251777 0.4458373 0.3970571 0.4642284 0.4726738 0.3542943 0.3474238 0.4620319 0.4055007 0.3842798 0.4203427 0.4362975 0.4652739 0.4619482 0.3934494 0.4357822 0.3565762 0.3459537 0.5511924 0.3562029 0.3727268 0.4066944 0.4459223 0.6390269 0.5486408 0.3821401 0.3816889 0.5566344 0.5828193 0.3919609 0.3771730 0.3996659 0.3857845 0.4171456 0.6840050 0.5336171 0.7350327 0.6824352 0.7765501 0.5779779 0.6910242 0.6715498 0.6054900 0.6968554 0.6622851 0.6506405 0.6268090 0.6315761 0.7336187 0.7975164 0.6291859 0.6137173 0.6520143 0.6563769 0.6990077 0.6402084 0.7152558 0.6599436 0.7130623 0.6848722 0.6662936 0.7428599 0.7148589 0.7303015 0.7930956 0.6724398 0.5889749 0.7100197 0.6678666 0.6437514 0.7051987 0.7221264 0.6458802 0.6778042 0.7185518 0.5951574 0.6941710 0.6259834 0.6086684 0.6030939 0.7151650 0.6598992 0.7032302 0.6943272 0.6936169 0.8213349 0.7256811 0.6723273 0.6765533 0.7709054 0.7609341 0.6308669 0.8423042 0.8709275 1.0050968 0.9792847 1.0487744 0.9841486 1.0055591 1.0689196 0.9875596 1.3398338 0.9628671 0.9490340 0.9422399 0.9722151 0.9337019 1.0144215 0.8530358 1.0162875 1.0157127 1.0215247 0.9391928 0.9490081 0.9844149 0.9957650 0.9866222 1.0056240 0.9599752 1.0079177 0.9839748 0.9700683 0.8436640 0.9933617 0.8768878 0.8977293 
HPHV_Hainan_oriental_leaf-toed_gecko_hepacivirus_E1_219-407_AlphaFold.pdb                0.6041152 0.7151739 0.7370858 0.7322496 0.6459200 0.5629541 0.6855702 0.5753282 0.5355079 0.6527596 0.5659485 0.6038544 0.5651710 0.6205125 0.7250459 0.5622030 0.6220980 0.7382653 0.0000000 0.7091833 0.7256621 0.7067553 0.7268263 0.7489012 0.6989819 0.5284889 0.6264998 0.7133166 0.6078205 0.5740404 0.5705506 0.7066944 0.6207101 0.5721484 0.6767194 0.6315228 0.6382840 0.5246077 0.5999625 0.6243987 0.5862737 0.5784688 0.5688998 0.7159117 0.6300673 0.6761740 0.6685633 0.7429206 0.7854716 0.5082160 0.5296475 0.5593763 0.6181065 0.6034288 0.5873776 0.6937504 0.7104003 0.6750468 0.6173607 0.6373128 0.7106257 0.6823242 0.7960440 0.7540186 0.5822021 0.5703953 0.7069397 0.5684544 0.5798100 0.6441225 0.7001246 0.6335243 0.7010760 0.7579024 0.6845167 0.6361196 0.6106598 0.5968416 0.7084440 0.5576936 0.7346707 0.6390287 0.6217788 0.7412275 0.6919613 0.6187031 0.6599806 0.6352630 0.5453669 0.5887971 0.6433330 0.6003312 0.5564554 0.7179456 0.6724726 0.6613092 0.7008401 0.6773740 0.6662554 0.6211042 0.5377928 0.5876564 0.6548837 0.6277118 0.6312692 0.6708537 0.5489827 0.5784274 0.6427977 0.6298186 0.5051194 0.5640035 0.6682630 0.6558386 0.5906327 0.5971152 0.5323153 0.5906259 0.6714095 0.6016650 0.6029618 0.5672953 0.5817271 0.6253399 0.5745327 0.7314609 0.7588984 0.7389840 0.6221735 0.5565996 0.5841572 0.7128562 0.5532811 0.6954715 0.5625269 0.6263514 0.7023325 0.5745453 0.5441213 0.5357884 0.5952511 0.5851242 0.5687077 0.5386608 0.5331952 0.5210038 0.5313132 0.6026219 0.5679345 0.6830163 0.6580523 0.6244433 0.6437105 0.8691604 0.7277306 0.6115815 0.8529711 0.8701015 0.9372228 1.0226965 1.0321710 0.8948905 1.0120251 1.3484622 0.9744489 1.2533152 1.0351589 0.9726136 0.8766496 0.8897557 1.0673297 0.9894896 0.8752272 1.0833806 1.0046374 1.0027180 1.0499148 1.0378823 0.9980382 1.0751621 0.9701724 1.0003432 1.0068914 0.9298207 0.9313453 0.8328592 0.8011779 1.0069661 0.9546297 0.8972054 
HPHV_Hepacivirus_F_E1_152-338_AlphaFold.pdb                                              0.4730803 0.1794253 0.2054298 0.3641214 0.3484017 0.4755850 0.4614114 0.4410067 0.4132140 0.3773266 0.4159224 0.5467556 0.4671541 0.6150477 0.2177611 0.5665644 0.4529548 0.4124206 0.7091833 0.0000000 0.0575858 0.0688745 0.0419324 0.0793550 0.2473448 0.4239062 0.4650047 0.2702234 0.4705593 0.4722546 0.4278774 0.2305817 0.5816989 0.5126888 0.5195618 0.2792550 0.3976051 0.3699245 0.3639816 0.3890145 0.3984484 0.3992493 0.3883492 0.3568518 0.3710127 0.5227772 0.2242654 0.2884489 0.2541670 0.3959347 0.3770282 0.5600885 0.5422382 0.4411276 0.4756794 0.2065683 0.2070751 0.2862005 0.3181860 0.3970823 0.2262255 0.1837153 0.1927814 0.1928204 0.3860227 0.4527369 0.2637923 0.5236220 0.4381872 0.2529915 0.1768542 0.4069584 0.2266606 0.1019400 0.2043458 0.4301795 0.3730711 0.4495058 0.3027751 0.4638212 0.1547068 0.2110083 0.4663157 0.1885515 0.2888440 0.2341663 0.3524932 0.5668805 0.4536891 0.3364717 0.3124218 0.4964757 0.5525413 0.2672225 0.2298193 0.2553730 0.1942228 0.2550638 0.5807971 0.4847416 0.6936390 0.7071826 0.6733363 0.5860081 0.6876239 0.6917623 0.5865474 0.6607720 0.6639078 0.6267125 0.5391268 0.5167255 0.6452944 0.7162388 0.5661842 0.6499594 0.6153732 0.6296929 0.6061972 0.5703121 0.6380696 0.5960671 0.6671660 0.5803512 0.6137518 0.7783595 0.6820255 0.6680583 0.6497532 0.5525730 0.4993843 0.6615451 0.5739243 0.5239739 0.6120068 0.6413483 0.7014443 0.7419574 0.6602398 0.5175227 0.5756443 0.5647642 0.6255293 0.5265072 0.6699652 0.6013285 0.6347478 0.6850668 0.5626913 0.6679858 0.6540537 0.6515986 0.6701322 0.7307337 0.7031737 0.5919471 0.8277295 0.9914447 0.9844697 1.0425033 1.0353528 0.9672991 0.9728442 1.0215377 0.9612521 1.1070795 0.9232754 1.0888557 0.9185921 0.9050703 0.9118218 0.9856197 0.8677474 0.9751709 0.9618786 0.9619737 1.0637388 1.0193251 1.0125650 1.0526283 0.9348475 0.9615073 0.9019809 0.9346496 0.9943278 1.0415084 0.8951383 1.0193813 0.9428581 0.9131813 
