190
HPHV_Bald_eagle_hepacivirus_E1_170-361_AlphaFold.pdb                                     0.0000000 3.2075636 3.1879649 3.6696734 4.0348666 3.5316954 4.0023169 3.3274627 3.3038189 2.9912577 3.9172885 1.6094301 3.6312583 4.5061588 3.7092296 3.9888053 3.9550787 3.1318179 4.8151000 3.8148827 3.8746125 3.8078316 3.8022418 3.9381915 3.6748954 3.5802324 3.6544478 4.3810438 3.3416477 5.2229081 4.6884481 4.2965116 0.8636025 3.7075766 3.9038693 4.2208364 4.3696576 4.7408816 4.4161287 4.7477507 4.2688247 4.1499130 4.8548290 3.6954337 4.8351083 1.2767910 3.9405905 4.0429442 4.3370382 4.2026351 4.7891131 3.4682832 3.5368923 3.6664324 3.7246685 3.9376619 4.1883849 4.4090135 4.0615592 4.2521376 3.2017697 3.6758944 3.2905251 3.7230838 3.5642859 3.5572241 3.5831866 3.5389254 3.4739550 4.6711176 3.6233377 3.9539911 3.5630779 3.4913657 3.5274077 3.5002112 3.3382330 3.5047268 3.6551783 3.4284776 3.6959003 4.1080704 4.0568163 3.8633973 4.4981807 4.6932561 3.8441657 3.2261397 3.8337732 4.6800605 4.6859693 3.5244730 4.0642001 3.9564508 3.9283460 3.5967178 3.6362009 3.8010592 5.4854335 3.7027713 3.8908521 4.3022295 3.9683447 4.3221803 4.6294116 4.8079168 4.6036393 4.3762519 4.3003114 4.3147549 3.5736066 4.7509623 3.6967007 3.5528325 4.8721526 4.4252933 4.4841265 3.3969402 3.8875310 3.9088588 3.4745098 3.6070459 3.4547062 3.7818701 3.4745524 5.8823299 4.5674784 3.3371199 3.3599935 4.1206884 4.2592259 4.3456620 3.5901075 4.7240635 3.5488825 3.4693930 4.7543412 4.2486707 4.1636709 3.8076922 4.0402824 3.7466827 3.6132865 3.4221925 3.6848756 3.8795438 3.9516493 4.5345817 3.7596344 3.8024060 4.6000529 4.2344455 3.3540429 3.9184716 3.4105999 5.5068556 8.9999990 8.9999988 8.9999985 8.9999987 8.9999987 8.9999984 8.9999985 8.9999981 8.9999983 8.9999984 8.9999984 8.9999990 8.9999987 8.9999986 8.9999989 8.9999980 8.9999987 8.9999988 8.9999985 8.9999983 8.9999989 8.9999981 8.9999985 8.9999989 8.9999988 8.9999981 8.9999987 8.9999989 8.9999990 8.9999982 8.9999986 8.9999983 8.9999986 8.9999986 
HPHV_Bamboo_rat_hepacivirus_OM451124_E1_171-356_AlphaFold.pdb                            3.2075636 0.0000000 0.0209466 1.6251794 2.0659260 2.2233793 3.0958566 3.0301481 2.7687865 1.7616762 2.4989038 3.7908664 3.0784479 4.4265164 0.3548629 4.8202215 3.4587976 1.9521489 4.6768772 0.4038507 0.4028127 0.4114725 0.4044814 0.4175493 1.5630685 2.4485390 3.2122593 1.7058617 3.0012817 2.5710326 2.2044855 0.6613118 3.7012118 3.0436826 2.7684595 1.1098219 3.7332905 3.4609591 3.6094981 3.6927807 3.9534528 3.3206739 3.5867644 1.7313809 1.8156485 4.7233930 0.8121074 0.8189761 1.7212024 3.4876382 3.5267990 3.7175265 3.0914959 2.9750409 3.0166266 0.7503061 0.8058805 1.0970452 1.1978110 3.8506316 0.0104630 1.1395284 0.0778757 0.4707579 3.1784517 2.9582942 0.8575803 3.0194057 2.9005998 0.9245356 0.4135585 3.1699615 0.8646095 0.4623101 0.8492329 2.9403465 2.3825405 2.7936199 0.8613547 2.8182753 0.4632771 0.7946986 3.4480419 0.3977729 1.1753867 1.1028765 1.6338592 4.3398910 3.1280932 1.9818308 2.0428072 3.9033582 3.1263002 0.8195543 0.8003937 1.6529167 0.5038807 0.4663675 3.5538110 3.1084633 3.9252780 3.9095269 4.1742688 4.4953995 3.7929230 3.6915666 4.4180761 3.6987019 4.1135241 4.5645374 3.9636914 4.6988586 4.4274342 4.7564540 4.3964128 3.9701349 4.0653258 3.4928863 3.8951459 3.9417162 3.8281269 3.9497388 3.8252423 3.8957732 3.8005455 4.3693421 4.2906382 4.0845425 4.1377215 5.0131543 3.9067109 3.8453017 3.8493379 4.7207424 3.9818105 3.8064292 4.7942017 3.8746296 4.5318715 4.6263883 4.5410336 4.1399598 4.1799261 4.1876630 3.7705218 4.0917431 3.9730213 4.0733112 4.0748306 4.2804562 4.3543219 4.0316430 3.6789549 4.0035330 3.9996611 5.9437539 8.9999984 8.9999984 8.9999989 8.9999990 8.9999989 8.9999985 8.9999985 8.9999982 8.9999984 8.9999987 8.9999985 8.9999988 7.7150463 8.9999990 8.9999987 8.9999984 8.9999986 8.9999988 8.9999988 8.9999984 8.9999988 8.9999989 8.9999988 8.9999990 8.9999984 8.9999981 8.3541013 8.9999984 8.9999985 8.9999988 7.8727026 8.9999990 8.9999988 8.9999988 
HPHV_Bamboo_rat_hepacivirus_OM480528_E1_171-357_AlphaFold.pdb                            3.1879649 0.0209466 0.0000000 1.5955143 2.0717675 2.2246206 3.2056166 2.9920849 2.7337819 1.7481377 2.4919681 3.7244381 3.0902755 4.4413413 0.3633424 4.8882572 3.3559366 1.9438863 4.7014649 0.4289052 0.4085128 0.4326255 0.4224125 0.4287095 1.5200964 2.4450368 3.1153459 1.7018867 2.9687123 2.5885669 2.2095903 0.6555266 3.6263057 3.0451856 2.7827565 1.1104924 3.7510316 3.4070446 3.5885372 3.7100003 3.9721471 3.3001139 3.6093725 1.7220976 1.8060494 4.6276365 0.8030044 0.8097547 1.7072768 3.4800245 3.4721519 3.6138270 3.1741888 2.9642532 3.0181210 0.7594633 0.8049885 1.0651449 1.1844846 3.8688365 0.0156233 1.1311134 0.0693672 0.4777188 3.1622973 2.9436886 0.8606111 3.0044015 2.8862673 0.9323807 0.4083432 3.1539440 0.8676798 0.4549690 0.8522411 2.9257238 2.3712068 2.7800734 0.8644046 2.8044720 0.4756145 0.7869533 3.4465465 0.4192937 1.1561760 1.1127466 1.5934104 4.4045068 3.0857620 1.9114313 1.9663201 3.7353769 3.1540662 0.8104070 0.7913978 1.6532869 0.4841200 0.4926974 3.6048554 3.1413043 3.9624408 3.8830457 4.1924143 4.4492395 3.6243183 3.7446757 4.4335341 3.6758105 4.0752953 4.5177397 4.0390058 4.7978493 4.4302054 4.7594738 4.4579110 3.9660419 4.0570051 3.5922401 3.8606497 3.8760911 3.8404929 3.9620411 3.8375821 3.9081098 3.8129712 4.3403769 4.3248258 4.0768927 4.1275248 5.0345928 3.8372413 3.8135331 3.8616944 4.6838506 3.9941143 3.8188658 4.8139222 3.8485412 4.4626935 4.6458091 4.5305030 4.1424306 4.1824358 4.1902173 3.7205875 4.0352898 3.9387693 4.0352541 4.1136567 4.2921968 4.2725503 4.0340283 3.6809914 4.0186341 3.9942188 6.0250935 8.9999989 8.9999984 8.9999989 8.9999981 8.9999989 8.9999987 8.9999985 8.9999982 8.9999986 8.9999987 8.9999988 8.9999989 7.7588991 8.9999980 8.9999987 8.9999985 8.9999986 8.9999988 8.9999988 8.9999984 8.9999988 8.9999989 8.9999989 8.9999990 8.9999987 8.9999981 8.3772235 8.9999984 8.9999983 8.9999988 7.9180249 8.9999990 8.9999988 8.9999989 
HPHV_Bat_hepacivirus_BK013349_E1_149-356_AlphaFold.pdb                                   3.6696734 1.6251794 1.5955143 0.0000000 2.4433619 2.7845666 3.3979283 3.4516571 3.2191864 2.4468552 3.2093359 3.7932630 3.6520637 4.1742539 1.8056188 4.2888613 3.4640134 2.4913746 4.8824340 1.7931974 1.7582548 1.7886822 1.7842293 1.7280233 2.0477529 3.5904492 3.2970670 1.5480394 2.8865890 2.3974586 2.1686216 1.5363299 3.7021569 3.4748343 2.9919853 1.8134117 3.8463276 3.9733464 3.9539411 4.0330713 4.2412079 4.0729047 3.7840209 1.5151472 1.8753573 4.2715575 1.5201333 1.5963558 1.6387109 3.6719943 3.9345276 3.6023698 3.3296990 3.5499913 3.4050151 1.5692294 1.7492193 1.7901514 1.7550654 4.1097390 1.6241878 1.8122497 1.7050183 1.6584272 4.2781995 4.2905031 1.5331482 4.2138488 4.3080360 1.5668952 1.7104031 4.3641523 1.5211667 1.5479602 1.5180239 4.2107182 4.2427879 4.2785007 1.5207559 4.2891297 1.4683524 1.7040730 4.0187488 1.7151225 1.7086696 1.7826834 2.1939876 4.6370268 2.7925155 1.8144021 1.8645963 4.2361266 3.0269461 1.4972206 1.5003297 2.1618356 1.5954818 1.7620527 3.4558430 3.0237514 4.4942455 3.9670070 3.7276137 3.8458505 3.5431262 4.1856430 4.5828322 3.9080217 4.6624918 3.8092556 4.0121868 5.3271181 3.6215900 4.4005990 4.4484601 3.8716820 3.9688371 3.6019651 3.6423129 3.9419852 4.2851611 4.3092834 4.2744642 4.4096268 4.3223280 4.5920967 4.0943362 4.1920698 4.0375773 4.2251759 4.1291638 3.5349782 3.9243177 3.8241765 4.2684585 4.3125801 4.5750178 4.3023833 4.3806769 4.1313098 4.0180307 3.5062681 3.7184850 4.0668837 4.5759540 4.3028621 4.6161116 4.4651386 4.2929854 3.8426542 4.2775155 3.9186657 4.2409737 4.8190606 4.1886131 5.4283747 8.9999990 8.9999983 8.9999984 8.9999983 8.9999985 8.9999982 8.9999983 8.9999988 8.9999984 8.9999988 8.9999982 8.9999985 8.9999988 8.9999982 8.9999983 8.9999990 8.9999988 8.9999989 8.9999989 8.9999984 8.9999983 8.9999988 8.9999981 8.9999983 8.9999983 8.9999987 8.9999987 8.8017420 8.9999983 8.9999983 8.9999984 8.9999989 8.9999981 8.9999989 
HPHV_Bat_hepacivirus_TA166TZA2013_E1_138-324_AlphaFold.pdb                               4.0348666 2.0659260 2.0717675 2.4433619 0.0000000 3.3752970 4.1745929 4.0299447 3.4678931 2.9732975 3.5151197 4.0781411 3.8721679 3.9448845 2.2188365 4.5435973 3.8123475 3.0118130 5.8803450 2.1706112 2.2403981 2.1981944 2.2123648 2.2198327 2.3298157 3.5719168 3.4001755 2.4580395 3.8559797 3.4208693 3.1887306 2.5872700 3.7780792 3.7633209 3.0164777 1.9694793 3.8671902 3.7073450 3.8208986 4.4023581 4.0846737 3.6463779 4.1684060 2.0679836 2.3885755 4.3348713 2.3464683 2.3249476 2.3390841 3.5003592 3.6157420 4.1266013 3.7055854 3.7021708 3.7811136 2.1667775 2.3225094 2.4245009 2.7666979 4.2830868 2.0920334 2.4455322 2.0655989 2.4463138 3.4750310 3.4256985 2.3412498 3.4139402 3.3613995 2.1539163 2.2216995 3.3210101 2.3256078 2.2715188 2.2625269 3.3625087 3.5709530 3.3931765 2.2919560 3.2693307 2.2303986 2.3712671 4.5105821 2.0458168 2.8854143 2.6190051 2.8336543 3.7260682 3.5347268 2.4674499 2.4852444 3.3509347 3.4760584 2.3617332 2.3178257 2.4004265 2.2673157 2.4665072 3.9458016 2.9355256 4.0735129 5.0879590 4.5159968 5.5089429 4.5453156 3.8888513 5.7578428 5.2081057 5.0823037 4.9854349 5.6789043 5.6697338 4.1951261 4.2736152 4.7374565 4.1721404 4.3854548 3.6825873 4.3468791 4.9109418 5.6071990 5.8144599 5.6185297 5.8579271 5.5778788 4.6060999 4.1015758 4.8777626 4.8692527 5.1433207 4.7291980 4.1205787 5.3340446 3.6488930 5.8050412 5.6011807 5.0834328 4.3632786 5.0898465 5.0959698 5.3889008 5.3879889 5.0968237 5.1328849 5.5680132 5.6455310 5.3735405 5.3268830 5.3717313 5.2394394 5.0435395 4.5762963 5.0859651 5.3984507 5.0516955 4.6930118 8.9999990 8.9999990 8.9999988 8.9999985 8.9999987 8.9999989 8.9999985 8.9999982 8.9999986 8.9999987 8.9999989 8.9999989 8.9999984 8.9999989 8.9999990 8.9999981 8.9999989 8.9999986 8.9999980 8.9999988 8.9999989 8.9999988 8.9999983 8.9999990 8.9999984 8.9999982 8.7441196 8.9999984 8.9999988 8.9999986 8.9999983 8.9999990 8.9999988 8.9999988 
HPHV_Catfish_hepacivirus_E1_355-549_AlphaFold.pdb                                        3.5316954 2.2233793 2.2246206 2.7845666 3.3752970 0.0000000 2.2992015 2.7853169 2.8095460 3.7095543 2.0783838 3.8445451 3.1286904 4.8098352 2.3855624 3.6853750 2.0846528 3.4240949 5.3856457 2.3172271 2.2790699 2.2787570 2.2425028 2.3373016 2.6955020 2.8129462 2.8375919 3.1386368 2.7596607 3.1757635 3.6758189 2.7944264 3.7684545 3.1119754 3.5331939 2.7225574 3.7254980 4.1940677 3.5611276 3.8528044 3.8598553 3.5684379 3.7848946 2.8019356 3.5441246 4.2364093 3.0577353 3.1459531 3.2908949 4.0195896 4.1887705 2.1352943 2.0303001 3.2525780 3.1458724 2.3804606 2.8890528 2.7399632 2.7082287 3.9609477 2.2457741 2.4927511 2.2466319 2.3265827 2.5362512 2.3530483 2.6197823 2.3883100 2.3322105 2.5115985 2.2053950 2.7576199 2.6179201 2.4433775 2.6148678 2.3137755 2.8515809 2.4137763 2.6211182 2.3004608 2.1556830 2.7889107 3.5551882 2.2629733 3.1799511 3.1021936 2.9655190 4.3992873 1.8277033 2.9068512 2.9549998 3.0120660 2.0460262 3.0185681 3.0263463 2.9819543 2.3206306 2.4583175 3.6337520 2.5040010 4.5068503 4.7098537 3.6392043 5.0146004 4.2849970 3.4730856 5.4003376 4.5408048 4.7755975 4.6919215 4.5956719 5.1297735 3.2910962 3.5105918 3.9014717 4.4056429 4.3194131 3.5680252 3.5099180 3.8989844 4.2386672 4.2971715 4.2273165 4.6021996 4.2627470 4.4098331 3.9509376 3.6107817 3.5929316 4.5771100 4.4153309 3.6686101 4.4834889 4.0760058 4.2515622 4.2572472 5.1703105 3.9513429 4.7967099 5.0574078 3.7736782 3.3305721 3.4831392 3.6085410 4.6333930 4.6655577 4.5114372 5.1659773 4.7416571 3.9977761 3.9438405 3.7982573 3.4964121 3.8518975 3.6286493 4.6478231 8.9999984 8.9999981 8.9999981 8.9999986 8.9999990 8.9999989 8.9999986 8.9999989 8.9999980 8.9999980 8.9999984 8.9999986 8.9999983 8.9999989 8.9999989 8.9999988 8.9999988 8.9999986 8.9999982 8.9999988 8.9999990 8.9999981 8.9999985 8.9999982 8.9999989 8.9999990 8.9999982 8.9999985 8.9999981 8.9999988 8.9999985 8.9999984 8.9999980 8.9999987 
HPHV_Chaetodon_aureofaciatus_hepacivirus_isolate_F25_E1_180-366_AlphaFold.pdb            4.0023169 3.0958566 3.2056166 3.3979283 4.1745929 2.2992015 0.0000000 3.7524289 3.3774184 3.7586953 1.5169063 4.3176022 2.9419531 4.7730139 3.3794361 5.1052177 2.1180787 3.7169376 4.6509608 3.2494260 3.2312833 3.2238285 3.2156029 3.2109535 3.1818642 2.8726221 3.4794395 4.1721381 3.3925173 3.3226955 3.6934475 3.4462244 4.2764705 3.0168607 3.6240555 2.9485794 3.9564257 4.2041587 3.8952738 4.1774838 4.3259870 3.8589386 4.3083912 3.7955497 4.6971417 4.2051367 3.6550756 3.6835774 4.1281961 4.4366287 4.1252576 2.6963023 2.3029107 3.2463643 3.0958292 3.4337310 3.8703987 3.3283493 2.5306954 4.0771796 3.1597770 3.5241297 3.2086492 2.9756338 2.9924159 2.6820207 3.1663658 2.7567399 2.6472168 3.1791642 2.9444035 2.9904509 3.1409727 3.1452028 3.0176365 2.7018836 2.8799306 2.6795668 3.1117741 2.6560200 3.1034220 3.8259097 3.0759063 3.1868003 3.4831997 3.5311274 2.6571992 3.8747481 2.2731443 3.3137274 3.4473860 3.3841814 2.6243119 3.6224272 3.6597586 3.1632966 2.9651111 3.2956301 3.4539248 3.0297824 4.7474239 4.1807880 4.1926486 4.0092940 3.5924404 3.5066680 4.4882925 4.1045085 4.0683503 4.3820549 3.3538622 3.9731608 3.5291444 3.7644346 4.1177908 3.7107121 3.4807185 3.1733413 3.2716992 3.2101165 3.9304332 4.0693821 4.0301126 4.3599289 3.9473124 5.0662594 3.2334752 4.0416636 4.0601145 4.1884483 3.4241930 3.3588158 3.8576432 3.4542171 4.0864735 3.9730975 3.5542251 3.5865426 3.9362634 3.9089898 3.4885796 3.7242422 3.7378887 3.7156706 3.8248886 3.6620581 4.0938371 4.3765418 3.8664546 4.3091470 3.8886803 3.7324355 3.9113592 4.4048386 4.0146924 4.5005550 8.9999986 8.9999981 8.9999986 8.3615371 8.6433717 7.9250004 8.9999983 8.9222801 8.9999981 8.9999986 7.9766823 8.9999988 8.9999984 8.9999988 8.9999989 8.9999988 8.9999986 8.9999988 8.4616574 8.6392990 8.9999986 8.9999988 8.7813726 8.3666353 8.8572469 8.9999980 8.5613938 7.8068748 8.1088678 8.9999983 8.9999981 8.3447374 8.9999988 8.9999983 
HPHV_Chinese_broad-headed_pond_turtle_hepacivirus_E1_298-486_AlphaFold.pdb               3.3274627 3.0301481 2.9920849 3.4516571 4.0299447 2.7853169 3.7524289 0.0000000 0.4257279 3.1291954 3.1548859 3.0022878 3.3004330 4.7210089 3.1397614 3.8661751 2.5015405 3.1239857 4.1502440 3.0866825 3.0578555 3.0806747 3.0727276 3.0313146 3.3717146 2.5114504 2.9672657 3.5230018 2.6947070 4.1010976 3.6728716 3.1017127 3.5672376 3.2081771 3.8316339 3.3662713 2.8661120 3.1999622 2.9742268 3.0732673 2.9974050 3.1895318 3.3677846 3.0279730 3.6990125 3.6112006 3.6930505 3.6767636 3.2689165 3.0513866 3.1912653 2.6275704 3.0349870 3.1028619 3.1817864 2.9753502 3.6640684 2.8723200 2.5217915 2.7884334 3.0126378 3.3353895 2.9228125 3.3111029 3.0108412 3.0979556 2.7087590 3.1485583 3.1028515 2.9887568 2.9675152 3.2075628 2.6819286 3.4403983 2.7466223 3.0853965 3.1330689 3.0156061 2.7162684 3.0092735 2.6468632 3.6179726 3.8497002 3.0553825 3.3938564 3.4540839 3.0871837 3.0177225 2.8831774 3.5821722 3.6139174 3.0837452 2.4490108 3.5875541 3.6273517 3.3994166 2.6152775 3.0373502 3.7235484 3.3611799 5.0699600 4.9922317 4.0282542 4.2662719 4.5863894 3.6913902 5.2522339 5.1666643 4.1026425 4.9032039 4.0281408 5.0963949 3.5420966 3.4466511 4.5956920 5.5085847 4.3245368 3.3211941 3.4157871 3.8169785 4.1574113 4.2777816 4.2489853 4.2692976 4.1532145 3.9674162 3.3508382 3.8127959 3.8432444 4.2056914 4.1187938 3.4654633 4.1811622 3.1955730 4.3648148 4.2037987 4.1817882 3.6603446 4.3959564 5.3342090 3.5710246 3.9002772 3.9549701 3.5346975 4.7206256 4.3690494 4.8987358 4.6869036 4.2170989 3.6022058 4.4654085 4.1124610 3.8085614 3.9788914 3.8870805 3.7410726 8.9999987 8.9999988 7.3341205 8.1105662 8.5012237 7.0737796 7.3834811 8.9999987 8.9999990 9.0000000 8.9999983 8.9999980 8.9999980 8.9999989 8.9999987 8.9999988 8.9999988 9.0000000 8.9999989 8.9537638 7.2457154 8.1820150 8.1042597 7.6205331 7.4738274 7.1126732 7.3693779 8.9999985 8.4803444 8.9999982 8.9979583 7.4538175 8.9999989 8.9999985 
HPHV_Chinese_softshell_turtle_hepacivirus_E1_301-487_AlphaFold.pdb                       3.3038189 2.7687865 2.7337819 3.2191864 3.4678931 2.8095460 3.3774184 0.4257279 0.0000000 3.4178808 2.9874690 2.9101745 3.1470251 4.1014264 2.6484538 3.7731193 2.4686805 3.1391233 4.0614794 3.0767212 3.0481377 3.0707569 3.0628843 3.0218331 3.1384555 2.5715013 3.4812112 3.5706318 2.9117118 4.3476580 3.7496450 3.1846468 3.7396533 3.2291243 3.9528665 3.0114011 3.1290426 3.5377778 2.9757917 3.5816019 3.2993259 3.2620933 3.5832203 3.1167697 3.8405534 3.5128320 3.0808341 3.0805273 3.6187520 3.4374098 3.4799238 2.4813501 2.9563890 2.9167511 3.0826909 2.8261827 3.1439150 2.9643891 2.5190789 3.1324031 2.7525350 2.9585319 2.7456663 3.0019290 2.7841548 2.9035519 2.6085637 3.0064155 2.9086793 2.9331327 2.7027858 3.0225308 2.6262294 3.0746981 2.5150967 2.9689569 3.1785797 2.8756202 2.6351435 2.8661224 2.4159865 3.1001889 3.9291716 2.7221176 3.5693036 3.5633601 3.0769326 3.0051716 2.4462634 3.3511993 3.2281498 2.9771050 2.3728695 2.9866221 3.0216771 3.1475222 2.5326795 3.0560222 3.4319516 3.2490847 4.4171749 4.6492671 4.0327248 4.5737559 3.9964185 3.3912307 4.9872730 4.6092618 4.7023060 4.9124472 4.2154105 5.9916207 3.2167257 3.6270012 4.3942362 4.7980523 4.2145594 3.1136722 3.2768199 3.5315945 4.5329974 4.6409026 4.6310005 4.5744321 4.5243847 3.6758103 3.2111600 3.7611270 3.7913830 4.6396853 3.7631453 3.2992948 4.2585377 3.1125865 4.6515627 4.5810159 3.9732096 3.9227963 4.4088001 4.8499091 3.3957470 3.4367221 3.5524737 3.5129166 4.9334439 4.4532940 4.9356475 5.2851550 4.3475928 3.3916086 4.1025784 3.8258307 3.8468361 4.0367672 3.9652098 3.5755402 8.9999982 8.9999989 7.5349843 8.3378240 8.9200398 7.4434838 7.4565319 8.9999981 8.9999987 8.9999990 8.9999982 8.6823063 8.4891632 8.9999981 8.6821049 8.9990186 8.9999981 8.9999989 8.9430482 8.2014978 7.4333505 7.5441107 7.3914701 7.8794930 7.9584227 7.7704788 7.1612226 8.9999984 7.5034553 8.9999989 7.6716070 8.0209890 8.3452934 8.9999988 
HPHV_Crab_eating_macaque_hepacivirus_E1_174-383_AlphaFold.pdb                            2.9912577 1.7616762 1.7481377 2.4468552 2.9732975 3.7095543 3.7586953 3.1291954 3.4178808 0.0000000 3.5654010 3.5157913 3.2252487 4.9768399 1.8432985 5.5051963 3.9450721 0.4389597 5.3369397 1.7822171 1.7857482 1.7776402 1.7947281 1.7451527 2.5535035 2.9660126 3.7930331 2.3913640 3.5724757 3.1265722 3.3108852 2.0540848 3.7180982 3.2935892 3.6031331 2.0153572 3.8690759 4.0880334 3.9198033 4.2303569 4.5000770 3.9271514 3.9329303 2.5056506 2.6833543 3.9361234 2.4280039 2.5179252 2.5976916 3.9805152 3.9720896 4.5756335 3.6942754 3.3709760 3.3144368 2.1305152 2.2531016 2.1474843 2.0383016 4.1710742 1.7581728 1.9904889 1.7868471 1.8909209 3.2859967 3.4022549 1.9454330 3.2793472 3.3293472 2.1510232 1.9229285 3.3483930 1.9236637 1.8081294 1.9320051 3.3351801 3.1480486 3.2789842 1.9823642 3.2511812 1.8932208 2.1960560 3.3057367 1.9831141 2.3492649 2.1411435 2.3527994 3.6347184 4.1834801 2.1089121 2.1040499 4.2598996 4.3880291 2.3936342 2.3668557 2.3599888 1.9520240 1.9551742 4.5299825 3.8671925 4.7437632 4.6662829 4.3719874 4.7329213 4.6227982 4.0621628 4.8299879 4.8158629 5.1108034 4.4750002 4.2849740 4.8690961 3.7552440 4.6227721 5.2361034 3.7553685 4.2127397 3.8056672 3.8028911 4.7771202 4.1268767 4.1562505 4.2111860 4.2033738 4.1324640 4.4486699 3.7057337 4.0525535 3.8396412 4.4452436 4.5180470 3.6577332 4.2840345 3.9627096 4.2347825 4.1428685 5.4084106 4.2523045 5.6579026 4.3574072 3.9133795 3.5718674 3.5922056 4.0223125 4.3903552 4.3962840 4.6396062 4.3637090 5.0100789 4.1691902 4.4408035 3.9504673 4.3499571 4.9911400 4.1160357 5.7383279 8.9999981 8.9999980 8.4323240 8.9999981 8.9999983 8.9425215 8.3724451 8.9999983 8.9999984 8.9999987 8.9999986 8.9999984 8.9999980 8.9999985 8.9999987 8.9999985 8.9999983 8.9999987 8.9999984 8.9999983 8.7273445 7.6423138 7.8585256 8.9297631 8.8417905 8.5000704 8.9999982 8.9999988 8.8111835 8.9999987 8.6914133 8.3814888 8.9999987 8.9999984 
HPHV_Cyprichromis_hepacivirus_E1_102-279_AlphaFold.pdb                                   3.9172885 2.4989038 2.4919681 3.2093359 3.5151197 2.0783838 1.5169063 3.1548859 2.9874690 3.5654010 0.0000000 3.9993586 3.7236505 4.6854143 2.9709421 4.0829853 1.8306635 3.7379725 4.7399792 2.8583629 2.7835728 2.8547847 2.8476589 2.7765735 2.6733375 2.4642936 3.9412612 3.6596379 3.6382745 3.2737771 3.2130185 2.9942962 4.3451749 3.7290128 3.9065988 2.9027482 4.4857542 4.8355664 4.0643069 4.7382597 4.6483801 4.3234660 4.7899012 2.9254023 4.3380773 4.9081180 3.0304059 3.0804697 3.9397880 4.6585625 4.8523330 2.3510890 2.2444273 3.8341741 3.6370494 2.8239673 2.6593041 3.0014403 2.9603087 4.7062166 2.5010931 3.2529737 2.5117400 2.9717219 3.0073088 2.7956889 2.6126437 2.7545954 2.7770603 2.8128244 2.6023924 2.8035428 2.6516148 3.0293732 2.6234900 2.7830715 2.5972931 2.7182726 2.7381414 2.7435853 2.8232727 2.6377647 2.9586609 3.1599441 3.1789385 3.1427163 2.7236559 3.0548845 1.7249150 3.3500978 3.5146453 3.3206358 2.6071279 3.0371608 3.0285138 2.7634128 2.9038003 3.0415695 3.9171952 2.8465973 4.7554460 4.1321885 3.8681087 4.3198468 4.0321707 3.5029006 4.8692072 4.0093921 4.5209271 4.1158426 3.7704405 4.0823330 3.1424460 3.6109537 3.5942868 3.3192174 3.8058347 3.5166416 3.5203085 3.5833642 4.7040116 4.8059309 4.8324917 5.1616150 4.8332651 4.8180382 3.8562834 3.7594884 3.7795777 4.6504809 4.0337982 3.7063347 3.8667930 3.6852869 4.7802700 4.8444706 3.6586166 3.4668654 4.2717227 4.2559115 3.6865720 3.2746840 3.1940560 3.7259291 4.4481207 4.4195808 4.3818560 5.0389801 3.9715673 3.9441795 3.9552023 3.8566540 3.6959415 4.3274599 3.5945503 4.4257713 8.9999988 8.9999981 6.8144029 6.2695861 6.9556195 5.9902462 7.4025120 8.7762402 8.9999983 8.9999990 8.0730714 8.9999989 8.9999981 8.8445412 8.5995914 8.9999988 8.9999984 8.9747663 8.9031908 8.9164018 7.1327604 8.1274806 8.0145846 7.2558845 7.1657911 7.1614109 8.9999980 8.9999985 8.7921592 8.9999989 8.9999987 7.1546782 8.9946988 8.9999986 
HPHV_Duck_hepacivirus_HCL-1_E1_289-481_AlphaFold.pdb                                     1.6094301 3.7908664 3.7244381 3.7932630 4.0781411 3.8445451 4.3176022 3.0022878 2.9101745 3.5157913 3.9993586 0.0000000 3.5982504 4.1001613 3.9209877 3.4565184 4.0142453 3.5609988 4.2870132 3.7085798 3.7398687 3.7399656 3.7298204 3.7749441 4.0308453 3.0572173 3.4854106 4.1818166 2.9568823 4.5351318 4.7314753 4.3580496 1.6695574 3.6764775 4.6834568 3.7808325 4.1645979 4.7180651 4.0341861 4.5115085 4.7956189 4.1423838 4.6444768 4.0758479 4.2463312 1.7124043 4.9206804 5.0306174 4.1946496 4.4262227 4.7964849 4.6191636 4.1725908 3.8738698 3.5074786 3.6346664 4.7569675 4.4559459 3.4159101 4.7663449 3.6594503 3.6696078 3.6917639 4.0719389 2.8683649 3.0259591 3.6782934 2.9839291 3.0334351 4.4892763 3.4214408 3.0036148 3.6757540 3.7847491 3.6258404 2.8976296 3.1179423 3.0075495 3.7636088 2.9732214 3.9279269 4.6635733 4.0238514 3.6966180 5.3253708 5.5186945 4.2946237 2.3379906 3.5621059 3.9902118 4.0761063 3.5237749 4.0470840 4.8331229 4.8528675 5.5082319 3.5967923 3.7875863 4.9695137 3.9605057 3.6387469 4.5643447 5.0866291 4.1439461 4.7319909 4.6136353 4.7014410 5.0568478 4.3121404 4.4427603 4.3219992 5.3941603 4.6540835 4.7651139 5.1525876 5.4540943 4.2386795 3.3742224 4.4018084 3.7036098 4.0524172 4.2373251 4.1364749 4.1941980 4.0120792 5.3098777 4.3980242 4.9193676 4.9162812 4.8596921 3.8616874 4.4948573 4.1040362 4.1487176 4.1459206 4.0038087 5.7575166 4.6484082 5.1956356 4.5495736 5.4756987 4.4385537 4.5332983 4.6323396 5.0944961 4.7395697 4.9833978 4.8320835 4.7169114 5.7289120 5.6398210 5.0046604 5.0847048 5.3781720 5.0245628 5.2565024 8.2058396 8.8425238 7.6128965 8.9999983 8.9999981 8.9999988 8.9955623 7.6658115 8.9999988 8.9999983 8.9999986 8.9999986 8.2606967 6.6778254 6.9590630 6.6330383 7.0705412 7.2030359 6.9404498 6.9652862 8.3784677 8.3668815 8.4939277 8.1340534 8.4456965 8.7286394 8.9493715 8.9999989 8.0896400 8.9999987 8.9999990 8.0393554 8.9999984 8.9999989 
HPHV_Equine_hepacivirus_E1_205-391_AlphaFold.pdb                                         3.6312583 3.0784479 3.0902755 3.6520637 3.8721679 3.1286904 2.9419531 3.3004330 3.1470251 3.2252487 3.7236505 3.5982504 0.0000000 5.1803740 3.2072290 4.0651708 4.3194080 3.0681178 4.7145457 3.2972138 3.2663459 3.2909125 3.2821788 3.2542905 3.3178471 3.8293690 2.5595124 4.0309715 2.2774232 3.5350990 3.2314356 3.9152852 3.6233368 0.0485509 3.8765891 3.7311754 2.2950063 2.4157181 2.0414585 2.4257626 2.3348760 2.1445560 2.1566552 3.1405434 4.0040428 3.9303838 3.7742158 3.7691353 3.8698686 2.3081660 2.4811133 4.3960304 4.1707177 0.0842414 0.0444883 3.7846341 3.8598072 3.8772401 3.5102077 2.2397643 3.0728484 2.9158240 3.0596266 3.1787913 3.8248893 3.6960119 3.4394869 3.4788764 3.6742545 3.4614812 3.0288710 3.7425298 3.5008931 3.2105521 3.3185634 3.6030399 3.5859132 3.4389543 3.4887508 3.6268429 3.4918978 3.8259254 3.4933749 3.2345241 3.9140052 3.8669626 3.2360052 4.2345168 3.4957544 3.8258818 3.6917585 3.5468458 3.4710227 3.8405011 3.7681039 3.2108558 3.7211077 3.2178790 4.0947523 3.3106602 4.6101289 5.7093850 4.1701571 4.8726206 5.3517903 4.0594355 5.5440611 5.8594686 5.0738101 4.8419809 4.5598735 4.5457841 4.1383234 4.3561463 4.8664788 5.6711570 4.7002835 3.2117093 3.5422718 4.2033455 4.5992823 4.6209706 4.6835898 5.2343446 4.5206318 5.4482098 3.9715611 4.9014088 4.9240952 5.1008466 4.1333250 3.6922760 4.6576141 3.9161975 4.5522343 4.6143571 4.6398415 3.7361671 4.4467831 4.2283026 4.3519953 3.8497502 4.2760927 4.0568811 4.8000361 4.8659160 5.0744899 5.0826871 4.5780273 4.8547554 5.2046940 4.7793598 5.0592548 5.1383132 4.7651948 5.1691065 8.9999984 8.9999988 8.9999981 8.9999988 8.9999985 8.9999989 8.9999985 8.9999981 8.9999983 8.9999989 8.9999988 8.9999981 8.9999984 8.9999987 8.9999986 8.9999989 8.9999988 8.9999984 8.9999983 8.9999986 8.9999980 8.9999989 8.9999987 8.9999986 8.9999989 8.9999981 8.9999980 8.9999988 8.9999989 8.9999989 8.9999987 8.9999986 8.9999985 8.9999988 
HPHV_Gecko_hepacivirus_E1_311-502_AlphaFold.pdb                                          4.5061588 4.4265164 4.4413413 4.1742539 3.9448845 4.8098352 4.7730139 4.7210089 4.1014264 4.9768399 4.6854143 4.1001613 5.1803740 0.0000000 4.4163956 2.0999319 4.0645968 5.4404675 0.7841979 3.8518686 3.9330527 3.8147210 3.8368429 3.8624348 5.4556671 4.7924087 4.5095905 5.0407241 4.2170656 4.9866207 5.0819868 4.4329791 4.8019959 4.9403845 4.3828601 4.5019194 5.3346984 5.0707421 5.0162861 5.5046055 5.7886572 5.1647168 5.3270820 4.4394971 4.8620779 4.9662156 4.4713740 4.4725415 5.1907841 5.2366830 4.8743070 5.4251735 4.6551536 5.2433426 4.7590957 4.3769146 4.4255782 5.0853442 4.8294265 5.5742456 4.4253363 4.3733610 4.4712445 4.0880450 4.9712739 4.7012568 4.5564739 4.8939587 4.8626368 4.3906523 4.3293590 5.0944801 4.4384681 4.3932714 4.3597807 4.9321854 4.5898493 4.9597119 4.2479399 4.7575722 4.2104284 4.5752437 6.0372514 4.0404008 4.9773097 4.8062823 5.6058163 3.9569847 4.1740714 4.5709931 4.6872193 5.0285856 5.2147394 4.5058119 4.5573649 5.1383448 4.1826656 4.1557491 5.1209997 4.2339803 0.5401860 5.5788830 4.9829075 4.9143958 5.1784208 4.6477602 4.6193034 5.8898282 4.8826749 5.2241842 4.9014883 6.0666641 5.0663322 5.9872919 4.8674470 5.2273413 4.0472638 4.7312390 4.9262854 4.3371069 5.1036808 5.2410501 5.1372387 5.2782301 5.0860187 5.9301618 5.5169661 5.9529660 6.0168663 4.8114938 4.6257913 5.1441818 5.3184686 5.4044380 5.2578092 5.0562570 5.9312143 4.6004497 5.4410986 4.7265818 5.4723966 5.2635910 5.4270370 5.4713144 4.8547696 5.1125410 5.2398216 5.1175718 5.2218182 5.6609125 5.1402778 5.1853189 5.1563349 5.3428064 6.1007344 5.2520900 8.6018219 8.9999985 8.9999990 8.9999981 8.9999986 8.9999983 8.9999984 8.9999988 8.9999980 9.0000000 8.9999982 8.9999983 8.9440727 8.9999980 8.9999988 8.9999983 8.9999981 8.9999989 8.9999989 8.9999987 8.9999983 8.9999980 8.9999988 8.9999981 8.9999983 8.9999980 8.9999980 8.9999983 8.9999986 8.9999988 8.9999986 8.9999983 8.9999984 8.9999984 
HPHV_Gerbil_hepacivirus_E1_219-405_AlphaFold.pdb                                         3.7092296 0.3548629 0.3633424 1.8056188 2.2188365 2.3855624 3.3794361 3.1397614 2.6484538 1.8432985 2.9709421 3.9209877 3.2072290 4.4163956 0.0000000 5.1470227 3.3584594 1.9143586 4.5289678 0.3268228 0.3093286 0.3298069 0.3230708 0.3381889 1.6167175 2.5210824 3.0838032 1.7682900 2.9751715 2.5713485 2.4731593 0.7119597 3.9290819 3.1941214 2.9450942 1.1095433 3.6933390 3.4712205 3.6483081 4.0185814 4.0570399 3.4847434 3.4289935 1.7985091 2.1180254 4.6092038 0.8117748 0.7972824 1.7555500 3.5254355 3.5283062 3.6849481 2.8866505 3.2027493 3.1143781 0.6774680 0.8628192 1.2341539 1.3033798 4.0301519 0.3480410 1.1497636 0.3795140 0.4217266 3.2570834 3.0538628 0.7965886 3.1680393 3.0146651 0.8236150 0.3093650 3.2880910 0.8036994 0.3608260 0.7928846 3.0798853 2.7913268 3.1041926 0.7927603 2.9508999 0.3947839 0.8509812 3.3560867 0.4012411 1.2488920 1.1778849 1.8346845 4.2692271 3.2142222 1.8752377 1.9229846 3.8880316 3.2513513 0.7967177 0.7956171 1.8057290 0.4964437 0.3352163 3.3876246 2.9630175 4.4000991 4.1183273 4.5743402 4.3909681 4.2095136 3.6123509 4.7296308 4.0763160 4.1036981 4.4549933 4.3067998 5.4017083 4.0094734 4.6496572 4.4813714 4.0820685 3.6489246 3.5826097 3.6920379 4.3830544 4.0637893 4.1010540 4.0601291 4.1729628 4.0368380 4.7561011 4.1059811 3.9881873 4.0445983 4.7848943 4.3717627 3.6541751 3.8990014 4.7703408 4.1219155 4.0548093 5.2775886 4.0969252 4.3338397 4.6725998 4.4681959 4.1895162 4.2530184 4.3538061 4.2778989 4.3643360 4.4000897 4.1260673 4.2125403 4.5234384 4.7311819 4.3001931 4.1049792 4.8222822 4.0398285 5.8740748 8.9999989 8.9999982 8.9999988 8.9999990 8.9999984 8.9999989 8.9999984 8.9999981 8.9999984 8.9999981 8.9999986 8.9999985 8.7412925 8.9999986 8.9999984 8.9999982 8.9999990 8.9999990 8.9999981 8.9999986 8.9999988 8.9999981 8.9999989 8.9999983 8.9999982 8.9999988 7.9127285 8.9999983 8.9999987 8.9999986 8.5849706 8.9999988 8.9999986 8.9999985 
HPHV_Guangxi_chinese_leopard_gecko_hepacivirus_E1_660-850_AlphaFold.pdb                  3.9888053 4.8202215 4.8882572 4.2888613 4.5435973 3.6853750 5.1052177 3.8661751 3.7731193 5.5051963 4.0829853 3.4565184 4.0651708 2.0999319 5.1470227 0.0000000 4.8129554 5.6035431 2.2583705 4.6057085 4.8112543 4.6890444 4.6742510 4.7194264 5.2289971 4.9801604 4.4840668 5.3559375 3.8674516 4.6659153 4.4199772 5.5987025 4.0495359 4.0385462 4.6200795 4.6037741 5.4872688 5.2163319 5.2175105 5.7109565 5.8169035 5.3336347 5.0818870 4.9261858 4.9370417 3.9722738 5.5444886 5.7275140 5.2244350 5.2323745 5.1014599 5.1012995 4.0217394 3.9677906 3.9828926 4.3853114 5.5324831 4.9315677 3.7795155 5.4896228 4.8811870 4.3752591 5.1383855 4.5476632 5.5776712 5.6933603 4.2512158 5.7489216 5.6563946 4.8443255 4.6836370 6.2988344 4.2261002 4.6211049 4.4455365 5.7179423 5.2470532 5.7706023 4.2890445 5.6495371 5.0026248 5.4819984 5.1945642 4.6363557 5.3099594 4.5693928 5.4761467 3.6893150 3.9565782 4.3783407 4.5557155 3.7691660 4.5299635 5.4378971 5.3867227 5.0657510 4.7838861 4.2075348 4.4994340 4.5014075 2.1233329 5.0794167 4.0861787 3.9994533 5.2813823 3.9105574 4.6127056 5.3572283 4.7088434 4.9322325 4.0007225 4.1001074 3.8241003 4.8821638 5.1697420 4.6054668 4.2237020 3.9876176 5.8742404 4.3783982 4.1032267 4.3730940 4.1793045 4.3332515 4.0887517 4.1811632 4.6888451 4.0607630 4.0975743 4.3293926 4.2666104 5.9396497 3.7278395 4.3058766 4.2681908 4.0098888 4.8051454 3.3385911 4.3897694 4.7540312 4.3194827 4.3411846 4.2293924 4.3811561 4.2997222 3.8579813 4.2035604 4.4459900 4.0573981 4.2483904 4.7377049 4.5146007 4.2137473 4.0226608 4.0835656 5.2771719 8.9999983 8.9999988 8.9999990 8.6744298 8.9999989 8.7090076 8.5373358 8.9999983 8.9999987 8.9999980 8.9999982 8.9999989 8.1997997 8.2900521 8.5927247 8.8178064 8.0317516 8.4585196 8.1542796 7.6231935 8.9999985 8.9999985 8.9999985 8.7853535 8.9249994 8.9999984 8.9999980 8.5828826 6.4722936 8.9999986 8.3866864 8.9573560 8.9999988 8.9999985 
HPHV_Guangxi_houndshark_hepacivirus_E1_344-537_AlphaFold.pdb                             3.9550787 3.4587976 3.3559366 3.4640134 3.8123475 2.0846528 2.1180787 2.5015405 2.4686805 3.9450721 1.8306635 4.0142453 4.3194080 4.0645968 3.3584594 4.8129554 0.0000000 4.2171819 3.7599820 3.2749756 3.1301092 3.3009474 3.2170563 3.2384190 3.0511571 3.1962480 3.3654995 4.5668460 3.2588227 3.3824585 3.6918434 3.5300220 4.3326436 4.4913858 4.5695813 3.1773697 3.9118927 4.2984506 3.8771283 4.0012136 4.3060266 3.7399583 4.1174445 3.1417386 4.9429743 4.2563506 3.8655781 3.9348297 4.3685789 4.4387747 4.2674271 1.7562280 1.5710448 4.5477888 4.4781395 3.2297916 3.8280598 4.2432366 3.1603150 4.0016403 3.4048800 3.4679337 3.3335720 3.0545125 2.9177200 2.9498982 3.1510442 3.1426933 2.9784696 3.3594221 3.3448312 3.1085252 3.1123997 3.1696016 3.2471800 2.9484773 3.4214859 3.2447487 3.0869378 2.8523292 3.0326212 3.6896517 3.6241521 3.3658572 3.4497102 3.6946050 3.2558767 4.0635416 0.8183678 3.0378955 3.1200171 3.0882012 1.9711662 3.8129540 3.8140126 3.7959862 3.1877910 3.5406535 3.6298049 2.9315654 4.1262209 3.9039473 4.2421640 4.5379140 3.9779096 4.2205623 5.3314512 3.6227421 4.2903975 4.1093316 3.9497522 4.6396536 3.2004368 3.7830681 3.5935804 3.6178598 3.3893440 3.9683088 3.8233863 3.4113850 3.9488867 4.0572016 4.1038141 4.1195619 3.9651490 5.1987502 4.2504937 4.0506981 4.0805276 4.0202942 3.5506479 3.9940234 3.9093919 4.1535315 4.0991923 3.9637517 3.9545007 3.7554610 4.3168149 4.2978011 4.0483251 3.4374926 3.3222210 3.5344292 4.0684632 3.7758242 4.2563474 4.4897505 3.9887023 4.1153383 3.6241294 3.5045752 4.4261390 5.0412494 4.1417432 4.5186586 8.9999983 8.9999982 8.9999987 8.9999986 8.9999990 8.9999987 8.9999988 8.9999986 8.9999982 9.0000000 8.9999980 8.9999984 8.9999986 8.9999988 8.9999987 8.9999989 8.9999986 8.9999984 8.9999984 8.9999986 8.9999986 8.9999983 8.9999984 9.0000000 8.9999987 8.9999988 8.9999980 8.9999983 9.0000000 8.9999988 8.9999988 8.9999988 8.9999983 8.9999982 
HPHV_Guereza_hepacivirus_E1_180-392_AlphaFold.pdb                                        3.1318179 1.9521489 1.9438863 2.4913746 3.0118130 3.4240949 3.7169376 3.1239857 3.1391233 0.4389597 3.7379725 3.5609988 3.0681178 5.4404675 1.9143586 5.6035431 4.2171819 0.0000000 5.9003938 1.7152597 1.6888691 1.7107781 1.7243641 1.6530641 2.2706061 2.8044010 4.1538298 2.4686015 3.6175917 3.3773967 3.2510681 2.1105143 3.6838156 3.1434481 3.4925067 2.0272833 3.6990843 3.9834735 3.8148240 3.8069939 3.8848758 3.8122496 4.0356556 2.6093490 3.0702164 3.6372999 2.2542988 2.3437258 2.9681250 4.1537203 3.9302835 4.8597609 3.9821752 3.1077607 3.1186889 1.9512457 2.2184921 2.0665721 2.0650379 3.8686159 1.9410939 1.8988828 1.9116045 1.9056073 3.1898696 3.2491926 2.0557492 3.1048174 3.0776043 2.0979706 1.8325870 3.3628124 2.0775345 1.9967119 2.0333768 3.0914448 3.0590411 3.0888488 2.0846246 3.0713550 1.7895468 2.2250756 3.1949496 1.8556805 2.3209303 2.1137811 2.2620164 4.0943113 4.2508224 2.1578058 2.2494365 4.2736465 3.7810844 2.2090067 2.2148450 2.5697007 1.8206637 1.9995573 4.6144659 3.8939016 5.1335964 4.8302334 4.4976882 4.5793998 4.7877309 3.9111943 4.2951684 5.0173653 4.9340988 4.4494416 4.5644493 5.0868581 3.6768718 4.1606175 5.0589825 4.1870327 4.6429069 3.4679833 3.6782832 4.7714627 4.4460659 4.4538180 4.5332008 4.5441063 4.4505954 4.4279791 3.6657971 3.8430960 3.6197319 4.2750782 4.1761784 3.3086850 4.4696107 4.0986267 4.4317756 4.4632251 4.9238267 3.9524410 5.3451705 4.8008654 3.8356601 3.4539625 3.4438069 3.8459789 4.4457360 4.4000070 4.4249088 4.4894658 5.0617528 4.8348513 4.3063750 3.8067480 4.2312563 5.0210005 4.0697267 6.1691206 8.9999989 8.9999981 8.9999986 8.9999986 8.9999989 8.9999985 8.1204845 8.9999982 8.9999983 8.9999986 8.9999984 8.9999982 8.9999988 9.0000000 8.9999981 8.9999986 8.9999984 8.9999981 8.9999989 8.9999983 8.6568067 7.5504354 7.7217995 8.9999987 8.8090731 8.3579211 7.9261675 8.9999990 8.7275018 8.9999990 8.9999987 8.9999985 8.9999985 8.9999983 
HPHV_Hainan_oriental_leaf-toed_gecko_hepacivirus_E1_219-407_AlphaFold.pdb                4.8151000 4.6768772 4.7014649 4.8824340 5.8803450 5.3856457 4.6509608 4.1502440 4.0614794 5.3369397 4.7399792 4.2870132 4.7145457 0.7841979 4.5289678 2.2583705 3.7599820 5.9003938 0.0000000 4.6947527 4.6993543 4.6947527 4.7228030 4.6002240 6.2600710 4.9206616 4.8574738 5.9427524 4.4050625 5.4392940 5.0067535 4.8988861 5.0428248 4.7886653 5.5005644 4.8204636 5.6363806 5.8585313 5.6847584 5.8036940 5.7548699 5.4924489 5.1532857 5.2768652 5.4433692 5.2708885 5.2350865 5.1807016 5.6226828 5.8975328 5.8196717 6.1719512 4.6998489 5.0945489 4.7344421 5.0963276 5.0908405 5.2060902 4.6267226 6.1185467 4.6841935 4.3934987 4.7897078 4.7270716 5.9899168 5.8328407 4.9678365 6.0333423 5.9917781 4.6253612 4.4292868 5.7894271 4.9375172 4.7514354 4.5749988 6.0814699 5.2658386 5.8829307 4.8512381 5.8204158 4.5541783 5.2793768 5.7543439 4.3315598 5.5578937 5.3904833 5.6917693 4.9730750 3.9949700 5.4987812 5.5139219 5.0488295 5.3078686 5.2305869 5.3254037 5.5788165 4.4887341 4.5685712 4.7328133 5.4844417 0.8048390 6.1022612 5.4645668 5.3981217 6.2289993 4.7130071 5.4593693 6.1270153 5.3030784 5.0530043 5.5697780 6.4351713 4.7757381 5.6289130 6.4003396 5.4406564 5.4021486 5.3457337 5.0013705 4.5046197 5.3275043 5.3369484 5.3649990 5.4310090 5.3385830 6.3790169 5.6670418 5.1741175 5.1972017 5.1578110 4.6336837 5.7384340 5.4784601 5.5394612 5.5090585 5.3097254 5.9408710 4.8945529 6.1637402 6.6485487 5.7226576 5.3072106 5.4236991 5.2284011 5.5430560 5.8380576 5.7067500 5.8731646 5.8115579 5.9286192 5.3225533 5.1575259 5.7964896 6.2080059 5.3224685 5.7486639 7.9264408 8.4361391 8.9999989 8.9999989 8.9999989 8.9999989 8.9999989 8.9999983 8.9999983 8.9999990 8.9999986 8.9999980 8.9999984 7.8195909 8.7512037 8.9999982 7.9555992 8.5290508 8.3227113 8.2801343 8.9999989 8.9999987 8.9999983 8.9999989 8.9999988 8.9999982 8.9999984 8.9999984 8.8845654 8.9852207 8.8365400 8.9999981 7.3020004 8.7607171 
HPHV_Hepacivirus_F_E1_152-338_AlphaFold.pdb                                              3.8148827 0.4038507 0.4289052 1.7931974 2.1706112 2.3172271 3.2494260 3.0866825 3.0767212 1.7822171 2.8583629 3.7085798 3.2972138 3.8518686 0.3268228 4.6057085 3.2749756 1.7152597 4.6947527 0.0000000 0.0208610 0.0051411 0.0102927 0.0208904 1.5357132 2.5651394 2.8923561 1.6465525 2.9886906 2.7435840 2.5005800 0.7292364 4.0222923 3.2912445 2.8816407 1.1620831 3.4635823 3.5666041 3.7272600 3.7096681 3.8937104 3.4283280 3.6165513 1.8868154 1.9489120 4.7094363 0.8819171 0.8731061 1.7538600 3.5288671 3.5614173 4.1226823 2.7407922 3.4472019 3.2794327 0.7358410 0.8552452 1.1618266 1.2617014 4.0547319 0.4131509 1.2464820 0.4293210 0.4305059 3.2862414 3.0318548 0.8149640 2.9901482 2.9998336 0.9854407 0.3069907 3.0793233 0.7783924 0.4578687 0.8316518 3.0091117 2.4637516 3.0840192 0.7908329 2.9289807 0.4775848 0.8417605 3.1974365 0.2371353 1.2246081 1.1325306 1.7879070 4.1849260 3.1428991 1.8302273 1.8373791 3.8900216 2.9637717 0.8604193 0.8695415 1.7614589 0.5155197 0.3049533 3.3214074 2.9934632 3.9465820 4.1948295 4.6641194 4.3367609 4.3085976 3.7908213 4.6713194 4.3750537 4.0889483 4.6069306 4.2899380 4.7772782 4.3699479 4.7179665 4.4539551 4.3271353 3.8459141 3.1533521 3.4120515 4.4870154 3.9967305 4.1304658 3.9933617 4.1568030 4.0361101 4.7208625 4.1079687 4.2363837 4.2978761 4.9356954 4.5194163 3.5344596 4.1200991 4.5855696 4.0746524 4.0420956 5.7450186 4.4490959 4.4336378 4.2111815 4.9788737 4.8598247 4.7873160 4.5699235 3.8587864 4.0631045 3.8688929 3.8109948 4.2371282 4.4516814 4.9355285 4.6073332 3.9113412 4.5870073 4.2500323 6.5087653 8.9999984 8.4217085 8.9999988 8.9999983 8.9999986 8.9999989 8.9999987 8.9999989 8.9999989 8.9999984 8.9999985 8.6622853 7.7871071 8.9999988 8.9999989 8.9999982 8.9999981 8.9999989 8.9999985 8.9999986 8.9999987 8.9999982 8.9999988 8.9999984 8.9999990 8.9999987 7.3922882 7.9432914 8.3590508 8.9999988 7.8357699 8.9999981 8.9544569 8.6537278 
