56
b/singapore/21/2009            0.0000000 0.0123260 0.0105370 0.0087204 0.0087203 0.0124487 0.0069443 0.0124176 0.0123834 0.0122643 0.0034592 0.0051960 0.0105831 0.0123814 0.0123834 0.0051785 0.0087568 0.0141152 0.0140820 0.0087568 0.0159903 0.0052254 0.0159588 0.0123262 0.0141384 0.0123618 0.0034592 0.0346991 0.0052028 0.0069671 0.0105831 0.0052175 0.0124067 0.0141189 0.0105110 0.0069937 0.0140733 0.0176683 0.0143060 0.0069772 0.0052175 0.0161546 0.0143596 0.0105316 0.0123231 0.0326271 0.0253754 0.0143249 0.0179805 0.0142504 0.0105239 0.0142773 0.0070985 0.0344220 0.0177496 0.0053862 
b/stockholm/3/2010             0.0123260 0.0000000 0.0051590 0.0139727 0.0104112 0.0178048 0.0086366 0.0069460 0.0069272 0.0034300 0.0086619 0.0104081 0.0051810 0.0069261 0.0069272 0.0140305 0.0034305 0.0051808 0.0051689 0.0034305 0.0176710 0.0104673 0.0104170 0.0068966 0.0086524 0.0069160 0.0086619 0.0324280 0.0104218 0.0086650 0.0051810 0.0104512 0.0069399 0.0051823 0.0017145 0.0122586 0.0051652 0.0086490 0.0196927 0.0086555 0.0104512 0.0121969 0.0104533 0.0051564 0.0068950 0.0304010 0.0289869 0.0197180 0.0233965 0.0196138 0.0158081 0.0087332 0.0124405 0.0286204 0.0231007 0.0107876 
b/stockholm/5/2010             0.0105370 0.0051590 0.0000000 0.0121946 0.0086534 0.0159834 0.0068904 0.0051956 0.0051816 0.0051345 0.0069104 0.0086506 0.0034448 0.0051808 0.0051816 0.0122445 0.0017107 0.0068931 0.0068772 0.0017107 0.0158630 0.0086987 0.0086584 0.0051590 0.0069031 0.0051734 0.0069104 0.0324171 0.0086620 0.0069129 0.0034448 0.0086864 0.0051911 0.0068951 0.0034223 0.0104794 0.0068724 0.0103559 0.0178571 0.0069054 0.0086864 0.0104274 0.0086880 0.0034286 0.0051578 0.0303909 0.0289562 0.0178802 0.0215434 0.0177864 0.0140150 0.0069679 0.0106349 0.0321630 0.0212702 0.0089656 
b/hong_kong/121/2007           0.0087204 0.0139727 0.0121946 0.0000000 0.0103823 0.0141099 0.0051645 0.0104442 0.0140378 0.0139029 0.0051486 0.0068737 0.0122491 0.0140356 0.0140378 0.0104242 0.0104256 0.0144097 0.0141577 0.0104256 0.0139470 0.0053761 0.0175852 0.0139730 0.0157755 0.0103985 0.0051486 0.0322362 0.0068827 0.0086411 0.0122491 0.0034148 0.0140640 0.0157532 0.0121645 0.0086738 0.0157031 0.0157690 0.0122825 0.0086536 0.0034148 0.0177980 0.0160195 0.0121884 0.0139695 0.0302232 0.0257435 0.0109976 0.0196100 0.0087370 0.0121796 0.0159299 0.0052247 0.0359005 0.0193617 0.0054242 
b/brazil/2937/2008             0.0087203 0.0104112 0.0086534 0.0103823 0.0000000 0.0141099 0.0051339 0.0104869 0.0104585 0.0103603 0.0051485 0.0068736 0.0086912 0.0104568 0.0104585 0.0086398 0.0069041 0.0121707 0.0121424 0.0069041 0.0140038 0.0069124 0.0139768 0.0104114 0.0103920 0.0104409 0.0051485 0.0361891 0.0068826 0.0034230 0.0086912 0.0069019 0.0069197 0.0121739 0.0086326 0.0051558 0.0103455 0.0156686 0.0159601 0.0086535 0.0069019 0.0141466 0.0123782 0.0086491 0.0104088 0.0341271 0.0269506 0.0159808 0.0177306 0.0158980 0.0104077 0.0123069 0.0088019 0.0359019 0.0175060 0.0071233 
b/hawaii/33/2004               0.0124487 0.0178048 0.0159834 0.0141099 0.0141099 0.0000000 0.0122901 0.0179412 0.0178911 0.0177126 0.0087470 0.0105108 0.0160576 0.0178883 0.0178911 0.0141689 0.0141711 0.0196206 0.0195737 0.0141711 0.0215550 0.0105711 0.0215118 0.0178053 0.0196558 0.0178577 0.0087470 0.0323827 0.0105248 0.0123320 0.0160576 0.0105548 0.0179254 0.0196253 0.0159425 0.0123800 0.0195629 0.0232136 0.0017109 0.0123501 0.0105548 0.0200357 0.0182167 0.0159751 0.0178007 0.0303587 0.0213471 0.0086399 0.0157549 0.0085971 0.0068894 0.0198545 0.0125655 0.0321292 0.0139425 0.0108978 
b/florida/16/2008              0.0069443 0.0086366 0.0068904 0.0051645 0.0051339 0.0122901 0.0000000 0.0086978 0.0086753 0.0085949 0.0034168 0.0051320 0.0069202 0.0086739 0.0086753 0.0086472 0.0051546 0.0103851 0.0103611 0.0051546 0.0121976 0.0051608 0.0121742 0.0086367 0.0104009 0.0086610 0.0034168 0.0342289 0.0051387 0.0034180 0.0069202 0.0051530 0.0086912 0.0103879 0.0068740 0.0069065 0.0103544 0.0103968 0.0141223 0.0068904 0.0051530 0.0123222 0.0105615 0.0068870 0.0086346 0.0321898 0.0250387 0.0106023 0.0177469 0.0105492 0.0103920 0.0104998 0.0070090 0.0339596 0.0175219 0.0053177 
b/taiwan/11/2010               0.0124176 0.0069460 0.0051956 0.0104442 0.0104869 0.0179412 0.0086978 0.0000000 0.0034428 0.0069124 0.0087236 0.0104838 0.0017166 0.0034422 0.0034428 0.0141350 0.0034546 0.0072065 0.0070472 0.0034546 0.0140905 0.0090824 0.0069025 0.0069461 0.0087139 0.0034456 0.0087236 0.0306140 0.0104977 0.0087267 0.0017166 0.0069421 0.0034490 0.0087032 0.0051833 0.0123492 0.0086757 0.0122006 0.0160616 0.0087171 0.0069421 0.0086596 0.0069258 0.0051930 0.0069444 0.0285996 0.0299094 0.0185598 0.0235813 0.0159986 0.0159268 0.0052080 0.0088547 0.0343021 0.0232807 0.0091929 
b/yamaguchi/01/2010            0.0123834 0.0069272 0.0051816 0.0140378 0.0104585 0.0178911 0.0086753 0.0034428 0.0000000 0.0068938 0.0086998 0.0104553 0.0017120 0.0034330 0.0034336 0.0140962 0.0034453 0.0086783 0.0086582 0.0034453 0.0177560 0.0105151 0.0068840 0.0069273 0.0086912 0.0069468 0.0086998 0.0344789 0.0104692 0.0087030 0.0017120 0.0104989 0.0034398 0.0086807 0.0051693 0.0123153 0.0086524 0.0121676 0.0197897 0.0086934 0.0104989 0.0086363 0.0069071 0.0051790 0.0069256 0.0324211 0.0310052 0.0198153 0.0235146 0.0197099 0.0158830 0.0051939 0.0124991 0.0342053 0.0232157 0.0108385 
b/agadir/156/2011              0.0122643 0.0034300 0.0051345 0.0139029 0.0103603 0.0177126 0.0085949 0.0069124 0.0068938 0.0000000 0.0086200 0.0103572 0.0051563 0.0068927 0.0068938 0.0139601 0.0034143 0.0051561 0.0051443 0.0034143 0.0175802 0.0104159 0.0103661 0.0068635 0.0086105 0.0068827 0.0086200 0.0341030 0.0103708 0.0086230 0.0051563 0.0103999 0.0069064 0.0017181 0.0017065 0.0121976 0.0051406 0.0051614 0.0195894 0.0086136 0.0103999 0.0121366 0.0104020 0.0051319 0.0068618 0.0320735 0.0306700 0.0196144 0.0232712 0.0195114 0.0157280 0.0086913 0.0123777 0.0303032 0.0229786 0.0107329 
b/odessa/394/2007              0.0034592 0.0086619 0.0069104 0.0051486 0.0051485 0.0087470 0.0034168 0.0087236 0.0086998 0.0086200 0.0000000 0.0017044 0.0069404 0.0086984 0.0086998 0.0051688 0.0051693 0.0104159 0.0103917 0.0051693 0.0122344 0.0017139 0.0122109 0.0086620 0.0104318 0.0086864 0.0000010 0.0305389 0.0017066 0.0034277 0.0069404 0.0017113 0.0087159 0.0104187 0.0068939 0.0034404 0.0103850 0.0139076 0.0105548 0.0034326 0.0017113 0.0123598 0.0105924 0.0069070 0.0086599 0.0285313 0.0213899 0.0105687 0.0141498 0.0105152 0.0069019 0.0105313 0.0034906 0.0303012 0.0139689 0.0017656 
b/astrakhan/88/2007            0.0051960 0.0104081 0.0086506 0.0068737 0.0068736 0.0105108 0.0051320 0.0104838 0.0104553 0.0103572 0.0017044 0.0000000 0.0086884 0.0104537 0.0104553 0.0069009 0.0069017 0.0121673 0.0121391 0.0069017 0.0140002 0.0034325 0.0139732 0.0104083 0.0121864 0.0104377 0.0017044 0.0323667 0.0034179 0.0051485 0.0086884 0.0034273 0.0104747 0.0121705 0.0086298 0.0051678 0.0121314 0.0156650 0.0123295 0.0051559 0.0034273 0.0141429 0.0123748 0.0086463 0.0104057 0.0303443 0.0232005 0.0123457 0.0159378 0.0122828 0.0086400 0.0123035 0.0052443 0.0321135 0.0157349 0.0035358 
b/voronezh/20/2011             0.0105831 0.0051810 0.0034448 0.0122491 0.0086912 0.0160576 0.0069202 0.0017166 0.0017120 0.0051563 0.0069404 0.0086884 0.0000000 0.0017118 0.0017120 0.0122995 0.0017178 0.0069229 0.0069069 0.0017178 0.0159361 0.0087370 0.0051492 0.0051811 0.0069330 0.0051956 0.0069404 0.0325819 0.0086989 0.0069429 0.0000010 0.0087236 0.0017151 0.0069249 0.0034367 0.0105260 0.0069021 0.0104013 0.0179412 0.0069354 0.0087236 0.0068895 0.0051662 0.0034431 0.0051798 0.0305428 0.0291021 0.0179645 0.0216472 0.0178698 0.0140786 0.0034530 0.0106829 0.0323250 0.0213713 0.0090062 
b/hong_kong/514/2009           0.0123814 0.0069261 0.0051808 0.0140356 0.0104568 0.0178883 0.0086739 0.0034422 0.0034330 0.0068927 0.0086984 0.0104537 0.0017118 0.0000000 0.0034330 0.0140940 0.0034448 0.0086769 0.0086568 0.0034448 0.0177532 0.0105134 0.0068829 0.0069262 0.0086898 0.0069457 0.0086984 0.0344737 0.0104676 0.0087016 0.0017118 0.0104972 0.0034392 0.0086793 0.0051685 0.0123134 0.0086510 0.0121657 0.0197866 0.0086930 0.0104972 0.0086350 0.0069061 0.0051782 0.0069245 0.0324162 0.0310005 0.0198121 0.0235109 0.0197068 0.0158805 0.0051931 0.0124971 0.0342002 0.0232121 0.0108367 
b/missouri/01/2009             0.0123834 0.0069272 0.0051816 0.0140378 0.0104585 0.0178911 0.0086753 0.0034428 0.0034336 0.0068938 0.0086998 0.0104553 0.0017120 0.0034330 0.0000000 0.0140962 0.0034453 0.0086783 0.0086582 0.0034453 0.0177560 0.0105151 0.0068840 0.0069273 0.0086912 0.0069468 0.0086998 0.0344789 0.0104692 0.0087030 0.0017120 0.0104989 0.0034398 0.0086807 0.0051693 0.0123153 0.0086524 0.0121676 0.0197897 0.0086934 0.0104989 0.0086363 0.0069071 0.0051790 0.0069256 0.0324211 0.0310052 0.0198153 0.0235146 0.0197099 0.0158830 0.0051939 0.0124991 0.0342053 0.0232157 0.0108385 
b/cambodia/30/2011             0.0051785 0.0140305 0.0122445 0.0104242 0.0086398 0.0141689 0.0086472 0.0141350 0.0140962 0.0139601 0.0051688 0.0069009 0.0122995 0.0140940 0.0140962 0.0000000 0.0104678 0.0158151 0.0157779 0.0104678 0.0176944 0.0069400 0.0176597 0.0140309 0.0122787 0.0140713 0.0051688 0.0363589 0.0069100 0.0069628 0.0122995 0.0069294 0.0122887 0.0158190 0.0122142 0.0069281 0.0122228 0.0193547 0.0160277 0.0086882 0.0069294 0.0178744 0.0160876 0.0122383 0.0140273 0.0342847 0.0270717 0.0160486 0.0160618 0.0159650 0.0105175 0.0159974 0.0088378 0.0360688 0.0158559 0.0071525 
b/malta/636714/2011            0.0087568 0.0034305 0.0017107 0.0104256 0.0069041 0.0141711 0.0051546 0.0034546 0.0034453 0.0034143 0.0051693 0.0069017 0.0017178 0.0034448 0.0034453 0.0104678 0.0000000 0.0051568 0.0051450 0.0000010 0.0140640 0.0069408 0.0069082 0.0034305 0.0051640 0.0034400 0.0051693 0.0305444 0.0069108 0.0051712 0.0017178 0.0069302 0.0034516 0.0051583 0.0017067 0.0087088 0.0051413 0.0086083 0.0160303 0.0051657 0.0069302 0.0086670 0.0069315 0.0017098 0.0034297 0.0285363 0.0270778 0.0160512 0.0196986 0.0159677 0.0122311 0.0052121 0.0088389 0.0303066 0.0194480 0.0071534 
b/dominican_republic/5486/2011 0.0141152 0.0051808 0.0068931 0.0144097 0.0121707 0.0196206 0.0103851 0.0072065 0.0086783 0.0051561 0.0104159 0.0121673 0.0069229 0.0086769 0.0086783 0.0158151 0.0051568 0.0000000 0.0017161 0.0051568 0.0181839 0.0086176 0.0121773 0.0086397 0.0104040 0.0071745 0.0104159 0.0350245 0.0121834 0.0104196 0.0069229 0.0108073 0.0086932 0.0069244 0.0034367 0.0140380 0.0069016 0.0103999 0.0202462 0.0104080 0.0108073 0.0139666 0.0122203 0.0068897 0.0086376 0.0329575 0.0286576 0.0177030 0.0252372 0.0201635 0.0175980 0.0105029 0.0128520 0.0323073 0.0249194 0.0107518 
b/santiago/6025/2011           0.0140820 0.0051689 0.0068772 0.0141577 0.0121424 0.0195737 0.0103611 0.0070472 0.0086582 0.0051443 0.0103917 0.0121391 0.0069069 0.0086568 0.0086582 0.0157779 0.0051450 0.0017161 0.0000000 0.0051450 0.0178964 0.0104093 0.0121490 0.0086198 0.0103800 0.0070164 0.0103917 0.0346581 0.0121551 0.0103955 0.0069069 0.0105952 0.0086740 0.0069084 0.0034288 0.0140051 0.0068857 0.0103759 0.0199405 0.0103839 0.0105952 0.0139341 0.0121918 0.0068738 0.0086177 0.0325985 0.0306713 0.0196078 0.0251761 0.0198598 0.0175566 0.0104784 0.0126118 0.0322290 0.0248598 0.0089028 
b/nevada/03/2011               0.0087568 0.0034305 0.0017107 0.0104256 0.0069041 0.0141711 0.0051546 0.0034546 0.0034453 0.0034143 0.0051693 0.0069017 0.0017178 0.0034448 0.0034453 0.0104678 0.0000010 0.0051568 0.0051450 0.0000000 0.0140640 0.0069408 0.0069082 0.0034305 0.0051640 0.0034400 0.0051693 0.0305444 0.0069108 0.0051712 0.0017178 0.0069302 0.0034516 0.0051583 0.0017067 0.0087088 0.0051413 0.0086083 0.0160303 0.0051657 0.0069302 0.0086670 0.0069315 0.0017098 0.0034297 0.0285363 0.0270778 0.0160512 0.0196986 0.0159677 0.0122311 0.0052121 0.0088389 0.0303066 0.0194480 0.0071534 
b/hong_kong/90/2008            0.0159903 0.0176710 0.0158630 0.0139470 0.0140038 0.0215550 0.0121976 0.0140905 0.0177560 0.0175802 0.0122344 0.0140002 0.0159361 0.0177532 0.0177560 0.0176944 0.0140640 0.0181839 0.0178964 0.0140640 0.0000000 0.0126988 0.0213507 0.0176716 0.0195083 0.0140271 0.0122344 0.0385087 0.0140189 0.0122388 0.0159361 0.0104320 0.0177897 0.0194783 0.0158227 0.0159023 0.0194168 0.0230412 0.0196557 0.0158634 0.0104320 0.0216096 0.0198118 0.0158548 0.0176670 0.0363999 0.0336261 0.0222522 0.0272333 0.0195771 0.0194931 0.0197040 0.0124172 0.0422697 0.0268897 0.0128829 
b/hubei-songzi/51/2008         0.0052254 0.0104673 0.0086987 0.0053761 0.0069124 0.0105711 0.0051608 0.0090824 0.0105151 0.0104159 0.0017139 0.0034325 0.0087370 0.0105134 0.0105151 0.0069400 0.0069408 0.0086176 0.0104093 0.0069408 0.0126988 0.0000000 0.0140535 0.0104675 0.0122561 0.0090415 0.0017139 0.0314071 0.0034370 0.0051774 0.0087370 0.0017942 0.0105346 0.0122400 0.0086786 0.0051969 0.0122005 0.0157548 0.0109733 0.0051849 0.0017942 0.0142252 0.0124466 0.0086943 0.0104649 0.0293599 0.0194644 0.0087426 0.0160308 0.0109307 0.0086889 0.0123746 0.0036551 0.0323051 0.0158256 0.0017681 
b/denmark/16/2011              0.0159588 0.0104170 0.0086584 0.0175852 0.0139768 0.0215118 0.0121742 0.0069025 0.0068840 0.0103661 0.0122109 0.0139732 0.0051492 0.0068829 0.0068840 0.0176597 0.0069082 0.0121773 0.0121490 0.0069082 0.0213507 0.0140535 0.0000000 0.0104172 0.0121965 0.0104467 0.0122109 0.0381468 0.0139918 0.0122153 0.0051492 0.0140317 0.0068965 0.0121805 0.0086376 0.0158712 0.0121414 0.0156766 0.0234321 0.0122014 0.0140317 0.0121179 0.0103864 0.0086541 0.0104147 0.0360627 0.0347041 0.0234619 0.0271777 0.0233358 0.0194547 0.0086786 0.0161073 0.0378428 0.0268355 0.0144851 
b/denmark/22/2011              0.0123262 0.0068966 0.0051590 0.0139730 0.0104114 0.0178053 0.0086367 0.0069461 0.0069273 0.0068635 0.0086620 0.0104083 0.0051811 0.0069262 0.0069273 0.0140309 0.0034305 0.0086397 0.0086198 0.0034305 0.0176716 0.0104675 0.0104172 0.0000000 0.0086525 0.0069161 0.0086620 0.0305402 0.0104220 0.0086651 0.0051811 0.0104514 0.0069400 0.0086421 0.0051468 0.0122588 0.0086140 0.0121125 0.0196934 0.0086556 0.0104514 0.0086714 0.0069350 0.0051564 0.0068950 0.0285324 0.0308437 0.0197188 0.0233975 0.0196145 0.0158086 0.0087333 0.0124408 0.0303024 0.0231017 0.0107879 
b/denmark/23/2011              0.0141384 0.0086524 0.0069031 0.0157755 0.0103920 0.0196558 0.0104009 0.0087139 0.0086912 0.0086105 0.0104318 0.0121864 0.0069330 0.0086898 0.0086912 0.0122787 0.0051640 0.0104040 0.0103800 0.0051640 0.0195083 0.0122561 0.0121965 0.0086525 0.0000000 0.0051779 0.0104318 0.0362250 0.0122026 0.0087244 0.0069330 0.0122372 0.0069271 0.0104068 0.0068866 0.0122356 0.0068910 0.0138908 0.0215605 0.0104239 0.0122372 0.0139893 0.0122396 0.0068996 0.0086504 0.0341601 0.0288635 0.0215880 0.0178393 0.0214729 0.0159209 0.0105192 0.0142700 0.0359372 0.0176119 0.0126320 
b/denmark/24/2011              0.0123618 0.0069160 0.0051734 0.0103985 0.0104409 0.0178577 0.0086610 0.0034456 0.0069468 0.0068827 0.0086864 0.0104377 0.0051956 0.0069457 0.0069468 0.0140713 0.0034400 0.0071745 0.0070164 0.0034400 0.0140271 0.0090415 0.0104467 0.0069161 0.0051779 0.0000000 0.0086864 0.0304635 0.0104516 0.0086896 0.0051956 0.0069121 0.0069596 0.0086664 0.0051612 0.0122940 0.0086382 0.0121468 0.0159878 0.0086800 0.0069121 0.0122320 0.0104832 0.0051708 0.0069144 0.0284612 0.0297587 0.0184720 0.0234677 0.0159255 0.0158543 0.0087582 0.0088156 0.0341307 0.0231701 0.0091507 
b/yunnan-mengzi/1491/2008      0.0034592 0.0086619 0.0069104 0.0051486 0.0051485 0.0087470 0.0034168 0.0087236 0.0086998 0.0086200 0.0000010 0.0017044 0.0069404 0.0086984 0.0086998 0.0051688 0.0051693 0.0104159 0.0103917 0.0051693 0.0122344 0.0017139 0.0122109 0.0086620 0.0104318 0.0086864 0.0000000 0.0305389 0.0017066 0.0034277 0.0069404 0.0017113 0.0087159 0.0104187 0.0068939 0.0034404 0.0103850 0.0139076 0.0105548 0.0034326 0.0017113 0.0123598 0.0105924 0.0069070 0.0086599 0.0285313 0.0213899 0.0105687 0.0141498 0.0105152 0.0069019 0.0105313 0.0034906 0.0303012 0.0139689 0.0017656 
b/beijing/1/87                 0.0346991 0.0324280 0.0324171 0.0322362 0.0361891 0.0323827 0.0342289 0.0306140 0.0344789 0.0341030 0.0305389 0.0323667 0.0325819 0.0344737 0.0344789 0.0363589 0.0305444 0.0350245 0.0346581 0.0305444 0.0385087 0.0314071 0.0381468 0.0305402 0.0362250 0.0304635 0.0305389 0.0000000 0.0324115 0.0343622 0.0325819 0.0285968 0.0345474 0.0361511 0.0323259 0.0345062 0.0360439 0.0397776 0.0304290 0.0305090 0.0285968 0.0362223 0.0344306 0.0323997 0.0342882 0.0086987 0.0344150 0.0332666 0.0325545 0.0267531 0.0286565 0.0366163 0.0310049 0.0104488 0.0324551 0.0320994 
b/pennsylvania/05/2007         0.0052028 0.0104218 0.0086620 0.0068827 0.0068826 0.0105248 0.0051387 0.0104977 0.0104692 0.0103708 0.0017066 0.0034179 0.0086989 0.0104676 0.0104692 0.0069100 0.0069108 0.0121834 0.0121551 0.0069108 0.0140189 0.0034370 0.0139918 0.0104220 0.0122026 0.0104516 0.0017066 0.0324115 0.0000000 0.0051552 0.0086989 0.0034318 0.0104886 0.0121866 0.0086412 0.0051745 0.0121474 0.0156858 0.0123461 0.0051626 0.0034318 0.0141620 0.0123914 0.0086577 0.0104194 0.0303859 0.0232323 0.0123623 0.0159593 0.0122992 0.0086513 0.0123200 0.0052513 0.0321576 0.0157560 0.0035406 
b/uruguay/12/2008              0.0069671 0.0086650 0.0069129 0.0086411 0.0034230 0.0123320 0.0034180 0.0087267 0.0087030 0.0086230 0.0034277 0.0051485 0.0069429 0.0087016 0.0087030 0.0069628 0.0051712 0.0104196 0.0103955 0.0051712 0.0122388 0.0051774 0.0122153 0.0086651 0.0087244 0.0086896 0.0034277 0.0343622 0.0051552 0.0000000 0.0069429 0.0051696 0.0069534 0.0104224 0.0068964 0.0051806 0.0086862 0.0139126 0.0141711 0.0069129 0.0051696 0.0123643 0.0105963 0.0069095 0.0086630 0.0323130 0.0251315 0.0141896 0.0160866 0.0141165 0.0069044 0.0105351 0.0070322 0.0340906 0.0158801 0.0053353 
b/stockholm/2/2010             0.0105831 0.0051810 0.0034448 0.0122491 0.0086912 0.0160576 0.0069202 0.0017166 0.0017120 0.0051563 0.0069404 0.0086884 0.0000010 0.0017118 0.0017120 0.0122995 0.0017178 0.0069229 0.0069069 0.0017178 0.0159361 0.0087370 0.0051492 0.0051811 0.0069330 0.0051956 0.0069404 0.0325819 0.0086989 0.0069429 0.0000000 0.0087236 0.0017151 0.0069249 0.0034367 0.0105260 0.0069021 0.0104013 0.0179412 0.0069354 0.0087236 0.0068895 0.0051662 0.0034431 0.0051798 0.0305428 0.0291021 0.0179645 0.0216472 0.0178698 0.0140786 0.0034530 0.0106829 0.0323250 0.0213713 0.0090062 
b/osaka/16/2007                0.0052175 0.0104512 0.0086864 0.0034148 0.0069019 0.0105548 0.0051530 0.0069421 0.0104989 0.0103999 0.0017113 0.0034273 0.0087236 0.0104972 0.0104989 0.0069294 0.0069302 0.0108073 0.0105952 0.0069302 0.0104320 0.0017942 0.0140317 0.0104514 0.0122372 0.0069121 0.0017113 0.0285968 0.0034318 0.0051696 0.0087236 0.0000000 0.0105184 0.0122211 0.0086654 0.0051890 0.0121817 0.0157304 0.0087491 0.0051770 0.0000010 0.0142028 0.0124271 0.0086820 0.0104488 0.0266132 0.0220505 0.0109706 0.0160054 0.0087167 0.0086756 0.0123553 0.0017361 0.0322523 0.0158009 0.0018042 
b/shanghai-jingan/1392/2011    0.0124067 0.0069399 0.0051911 0.0140640 0.0069197 0.0179254 0.0086912 0.0034490 0.0034398 0.0069064 0.0087159 0.0104747 0.0017151 0.0034392 0.0034398 0.0122887 0.0034516 0.0086932 0.0086740 0.0034516 0.0177897 0.0105346 0.0068965 0.0069400 0.0069271 0.0069596 0.0087159 0.0345474 0.0104886 0.0069534 0.0017151 0.0105184 0.0000000 0.0086956 0.0051787 0.0087290 0.0068963 0.0121900 0.0198279 0.0087094 0.0105184 0.0086521 0.0069198 0.0051885 0.0069383 0.0324848 0.0310670 0.0198536 0.0216265 0.0197478 0.0141005 0.0052034 0.0125228 0.0342727 0.0213512 0.0108593 
b/stockholm/8/2009             0.0141189 0.0051823 0.0068951 0.0157532 0.0121739 0.0196253 0.0103879 0.0087032 0.0086807 0.0017181 0.0104187 0.0121705 0.0069249 0.0086793 0.0086807 0.0158190 0.0051583 0.0069244 0.0069084 0.0051583 0.0194783 0.0122400 0.0121805 0.0086421 0.0104068 0.0086664 0.0104187 0.0361511 0.0121866 0.0104224 0.0069249 0.0122211 0.0086956 0.0000000 0.0034377 0.0140416 0.0069036 0.0069318 0.0215257 0.0104108 0.0122211 0.0139702 0.0122235 0.0068916 0.0086400 0.0340930 0.0327109 0.0215531 0.0252427 0.0214385 0.0176023 0.0105058 0.0142500 0.0323134 0.0249249 0.0126147 
b/brisbane/60/2008             0.0105110 0.0017145 0.0034223 0.0121645 0.0086326 0.0159425 0.0068740 0.0051833 0.0051693 0.0017065 0.0068939 0.0086298 0.0034367 0.0051685 0.0051693 0.0122142 0.0017067 0.0034367 0.0034288 0.0017067 0.0158227 0.0086786 0.0086376 0.0051468 0.0068866 0.0051612 0.0068939 0.0323259 0.0086412 0.0068964 0.0034367 0.0086654 0.0051787 0.0034377 0.0000000 0.0104537 0.0034263 0.0068839 0.0178106 0.0068889 0.0086654 0.0104020 0.0086670 0.0034206 0.0051456 0.0303069 0.0288755 0.0178336 0.0214860 0.0177404 0.0139799 0.0069511 0.0106085 0.0285325 0.0212142 0.0089432 
b/victoria/304/2006            0.0069937 0.0122586 0.0104794 0.0086738 0.0051558 0.0123800 0.0069065 0.0123492 0.0123153 0.0121976 0.0034404 0.0051678 0.0105260 0.0123134 0.0123153 0.0069281 0.0087088 0.0140380 0.0140051 0.0087088 0.0159023 0.0051969 0.0158712 0.0122588 0.0122356 0.0122940 0.0034404 0.0345062 0.0051745 0.0051806 0.0105260 0.0051890 0.0087290 0.0140416 0.0104537 0.0000000 0.0121801 0.0175719 0.0142268 0.0069391 0.0051890 0.0160649 0.0142797 0.0104741 0.0122557 0.0324468 0.0252341 0.0142454 0.0160040 0.0141717 0.0086937 0.0141982 0.0070592 0.0342322 0.0157995 0.0053559 
b/brisbane/33/2008             0.0140733 0.0051652 0.0068724 0.0157031 0.0103455 0.0195629 0.0103544 0.0086757 0.0086524 0.0051406 0.0103850 0.0121314 0.0069021 0.0086510 0.0086524 0.0122228 0.0051413 0.0069016 0.0068857 0.0051413 0.0194168 0.0122005 0.0121414 0.0086140 0.0068910 0.0086382 0.0103850 0.0360439 0.0121474 0.0086862 0.0069021 0.0121817 0.0068963 0.0069036 0.0034263 0.0121801 0.0000000 0.0103691 0.0214575 0.0103772 0.0121817 0.0139256 0.0121841 0.0068690 0.0086120 0.0339915 0.0326114 0.0214848 0.0215037 0.0213708 0.0158471 0.0104715 0.0123955 0.0322163 0.0212315 0.0107484 
b/paris/1762/2009              0.0176683 0.0086490 0.0103559 0.0157690 0.0156686 0.0232136 0.0103968 0.0122006 0.0121676 0.0051614 0.0139076 0.0156650 0.0104013 0.0121657 0.0121676 0.0193547 0.0086083 0.0103999 0.0103759 0.0086083 0.0230412 0.0157548 0.0156766 0.0121125 0.0138908 0.0121468 0.0139076 0.0397776 0.0156858 0.0139126 0.0104013 0.0157304 0.0121900 0.0069318 0.0068839 0.0175719 0.0103691 0.0000000 0.0251337 0.0138967 0.0157304 0.0174807 0.0157336 0.0103507 0.0121095 0.0376938 0.0363683 0.0215784 0.0288684 0.0214634 0.0211445 0.0140245 0.0178316 0.0359193 0.0285084 0.0162359 
b/hawaii/13/2004               0.0143060 0.0196927 0.0178571 0.0122825 0.0159601 0.0017109 0.0141223 0.0160616 0.0197897 0.0195894 0.0105548 0.0123295 0.0179412 0.0197866 0.0197897 0.0160277 0.0160303 0.0202462 0.0199405 0.0160303 0.0196557 0.0109733 0.0234321 0.0196934 0.0215605 0.0159878 0.0105548 0.0304290 0.0123461 0.0141711 0.0179412 0.0087491 0.0198279 0.0215257 0.0178106 0.0142268 0.0214575 0.0251337 0.0000000 0.0141920 0.0087491 0.0219783 0.0201504 0.0178478 0.0196882 0.0284292 0.0220053 0.0089772 0.0176009 0.0068427 0.0086598 0.0217810 0.0107135 0.0340919 0.0157706 0.0111217 
b/johannesburg/18/2007         0.0069772 0.0086555 0.0069054 0.0086536 0.0086535 0.0123501 0.0068904 0.0087171 0.0086934 0.0086136 0.0034326 0.0051559 0.0069354 0.0086930 0.0086934 0.0086882 0.0051657 0.0104080 0.0103839 0.0051657 0.0158634 0.0051849 0.0122014 0.0086556 0.0104239 0.0086800 0.0034326 0.0305090 0.0051626 0.0069129 0.0069354 0.0051770 0.0087094 0.0104108 0.0068889 0.0069391 0.0103772 0.0138967 0.0141920 0.0000000 0.0051770 0.0123501 0.0105843 0.0069020 0.0086535 0.0285041 0.0251690 0.0142106 0.0178361 0.0141372 0.0104417 0.0105232 0.0070425 0.0302718 0.0176088 0.0053432 
b/hiroshima/320/2007           0.0052175 0.0104512 0.0086864 0.0034148 0.0069019 0.0105548 0.0051530 0.0069421 0.0104989 0.0103999 0.0017113 0.0034273 0.0087236 0.0104972 0.0104989 0.0069294 0.0069302 0.0108073 0.0105952 0.0069302 0.0104320 0.0017942 0.0140317 0.0104514 0.0122372 0.0069121 0.0017113 0.0285968 0.0034318 0.0051696 0.0087236 0.0000010 0.0105184 0.0122211 0.0086654 0.0051890 0.0121817 0.0157304 0.0087491 0.0051770 0.0000000 0.0142028 0.0124271 0.0086820 0.0104488 0.0266132 0.0220505 0.0109706 0.0160054 0.0087167 0.0086756 0.0123553 0.0017361 0.0322523 0.0158009 0.0018042 
b/hong_kong/1153/2011          0.0161546 0.0121969 0.0104274 0.0177980 0.0141466 0.0200357 0.0123222 0.0086596 0.0086363 0.0121366 0.0123598 0.0141429 0.0068895 0.0086350 0.0086363 0.0178744 0.0086670 0.0139666 0.0139341 0.0086670 0.0216096 0.0142252 0.0121179 0.0086714 0.0139893 0.0122320 0.0123598 0.0362223 0.0141620 0.0123643 0.0068895 0.0142028 0.0086521 0.0139702 0.0104020 0.0160649 0.0139256 0.0174807 0.0219783 0.0123501 0.0142028 0.0000000 0.0017085 0.0104221 0.0121942 0.0341574 0.0334099 0.0220068 0.0254764 0.0218872 0.0179657 0.0104516 0.0144952 0.0359345 0.0254454 0.0128342 
b/hong_kong/1129/2011          0.0143596 0.0104533 0.0086880 0.0160195 0.0123782 0.0182167 0.0105615 0.0069258 0.0069071 0.0104020 0.0105924 0.0123748 0.0051662 0.0069061 0.0069071 0.0160876 0.0069315 0.0122203 0.0121918 0.0069315 0.0198118 0.0124466 0.0103864 0.0069350 0.0122396 0.0104832 0.0105924 0.0344306 0.0123914 0.0105963 0.0051662 0.0124271 0.0069198 0.0122235 0.0086670 0.0142797 0.0121841 0.0157336 0.0201504 0.0105843 0.0124271 0.0017085 0.0000000 0.0086836 0.0104509 0.0323764 0.0315665 0.0201768 0.0236618 0.0200676 0.0161695 0.0087074 0.0144952 0.0341578 0.0236330 0.0128342 
b/milano/34/2010               0.0105316 0.0051564 0.0034286 0.0121884 0.0086491 0.0159751 0.0068870 0.0051930 0.0051790 0.0051319 0.0069070 0.0086463 0.0034431 0.0051782 0.0051790 0.0122383 0.0017098 0.0068897 0.0068738 0.0017098 0.0158548 0.0086943 0.0086541 0.0051564 0.0068996 0.0051708 0.0069070 0.0323997 0.0086577 0.0069095 0.0034431 0.0086820 0.0051885 0.0068916 0.0034206 0.0104741 0.0068690 0.0103507 0.0178478 0.0069020 0.0086820 0.0104221 0.0086836 0.0000000 0.0051552 0.0303748 0.0289407 0.0178709 0.0215320 0.0177772 0.0140079 0.0069644 0.0106295 0.0321459 0.0212591 0.0089610 
b/aix-en-provence/1795/11      0.0123231 0.0068950 0.0051578 0.0139695 0.0104088 0.0178007 0.0086346 0.0069444 0.0069256 0.0068618 0.0086599 0.0104057 0.0051798 0.0069245 0.0069256 0.0140273 0.0034297 0.0086376 0.0086177 0.0034297 0.0176670 0.0104649 0.0104147 0.0068950 0.0086504 0.0069144 0.0086599 0.0342882 0.0104194 0.0086630 0.0051798 0.0104488 0.0069383 0.0086400 0.0051456 0.0122557 0.0086120 0.0121095 0.0196882 0.0086535 0.0104488 0.0121942 0.0104509 0.0051552 0.0000000 0.0322447 0.0308352 0.0197135 0.0233912 0.0196094 0.0158045 0.0087312 0.0124376 0.0340179 0.0230955 0.0107851 
b/victoria/02/1987             0.0326271 0.0304010 0.0303909 0.0302232 0.0341271 0.0303587 0.0321898 0.0285996 0.0324211 0.0320735 0.0285313 0.0303443 0.0305428 0.0324162 0.0324211 0.0342847 0.0285363 0.0329575 0.0325985 0.0285363 0.0363999 0.0293599 0.0360627 0.0285324 0.0341601 0.0284612 0.0285313 0.0086987 0.0303859 0.0323130 0.0305428 0.0266132 0.0324848 0.0340930 0.0303069 0.0324468 0.0339915 0.0376938 0.0284292 0.0285041 0.0266132 0.0341574 0.0323764 0.0303748 0.0322447 0.0000000 0.0322981 0.0312055 0.0305180 0.0247863 0.0266680 0.0345239 0.0289636 0.0157157 0.0304258 0.0299869 
b/hong_kong/22/2001            0.0253754 0.0289869 0.0289562 0.0257435 0.0269506 0.0213471 0.0250387 0.0299094 0.0310052 0.0306700 0.0213899 0.0232005 0.0291021 0.0310005 0.0310052 0.0270717 0.0270778 0.0286576 0.0306713 0.0270778 0.0336261 0.0194644 0.0347041 0.0308437 0.0288635 0.0297587 0.0213899 0.0344150 0.0232323 0.0251315 0.0291021 0.0220505 0.0310670 0.0327109 0.0288755 0.0252341 0.0326114 0.0363683 0.0220053 0.0251690 0.0220505 0.0334099 0.0315665 0.0289407 0.0308352 0.0322981 0.0000000 0.0194200 0.0122519 0.0219149 0.0177027 0.0331278 0.0243676 0.0335933 0.0104550 0.0221008 
b/illinois/13/2005             0.0143249 0.0197180 0.0178802 0.0109976 0.0159808 0.0086399 0.0106023 0.0185598 0.0198153 0.0196144 0.0105687 0.0123457 0.0179645 0.0198121 0.0198153 0.0160486 0.0160512 0.0177030 0.0196078 0.0160512 0.0222522 0.0087426 0.0234619 0.0197188 0.0215880 0.0184720 0.0105687 0.0332666 0.0123623 0.0141896 0.0179645 0.0109706 0.0198536 0.0215531 0.0178336 0.0142454 0.0214848 0.0215784 0.0089772 0.0142106 0.0109706 0.0220068 0.0201768 0.0178709 0.0197135 0.0312055 0.0194200 0.0000000 0.0176234 0.0053823 0.0086711 0.0218091 0.0111586 0.0341329 0.0157909 0.0090615 
b/hong_kong/1434/2002          0.0179805 0.0233965 0.0215434 0.0196100 0.0177306 0.0157549 0.0177469 0.0235813 0.0235146 0.0232712 0.0141498 0.0159378 0.0216472 0.0235109 0.0235146 0.0160618 0.0196986 0.0252372 0.0251761 0.0196986 0.0272333 0.0160308 0.0271777 0.0233975 0.0178393 0.0234677 0.0141498 0.0325545 0.0159593 0.0160866 0.0216472 0.0160054 0.0216265 0.0252427 0.0214860 0.0160040 0.0215037 0.0288684 0.0176009 0.0178361 0.0160054 0.0254764 0.0236618 0.0215320 0.0233912 0.0305180 0.0122519 0.0176234 0.0000000 0.0175323 0.0104870 0.0255495 0.0181495 0.0306344 0.0017086 0.0165289 
b/ohio/01/2005                 0.0142504 0.0196138 0.0177864 0.0087370 0.0158980 0.0085971 0.0105492 0.0159986 0.0197099 0.0195114 0.0105152 0.0122828 0.0178698 0.0197068 0.0197099 0.0159650 0.0159677 0.0201635 0.0198598 0.0159677 0.0195771 0.0109307 0.0233358 0.0196145 0.0214729 0.0159255 0.0105152 0.0267531 0.0122992 0.0141165 0.0178698 0.0087167 0.0197478 0.0214385 0.0177404 0.0141717 0.0213708 0.0214634 0.0068427 0.0141372 0.0087167 0.0218872 0.0200676 0.0177772 0.0196094 0.0247863 0.0219149 0.0053823 0.0175323 0.0000000 0.0086281 0.0216915 0.0106727 0.0304001 0.0157100 0.0110777 
b/hong_kong/1351/02            0.0105239 0.0158081 0.0140150 0.0121796 0.0104077 0.0068894 0.0103920 0.0159268 0.0158830 0.0157280 0.0069019 0.0086400 0.0140786 0.0158805 0.0158830 0.0105175 0.0122311 0.0175980 0.0175566 0.0122311 0.0194931 0.0086889 0.0194547 0.0158086 0.0159209 0.0158543 0.0069019 0.0286565 0.0086513 0.0069044 0.0140786 0.0086756 0.0141005 0.0176023 0.0139799 0.0086937 0.0158471 0.0211445 0.0086598 0.0104417 0.0086756 0.0179657 0.0161695 0.0140079 0.0158045 0.0266680 0.0177027 0.0086711 0.0104870 0.0086281 0.0000000 0.0178030 0.0106216 0.0284349 0.0086993 0.0089542 
b/moscow/1/2010                0.0142773 0.0087332 0.0069679 0.0159299 0.0123069 0.0198545 0.0104998 0.0052080 0.0051939 0.0086913 0.0105313 0.0123035 0.0034530 0.0051931 0.0051939 0.0159974 0.0052121 0.0105029 0.0104784 0.0052121 0.0197040 0.0123746 0.0086786 0.0087333 0.0105192 0.0087582 0.0105313 0.0366163 0.0123200 0.0105351 0.0034530 0.0123553 0.0052034 0.0105058 0.0069511 0.0141982 0.0104715 0.0140245 0.0217810 0.0105232 0.0123553 0.0104516 0.0087074 0.0069644 0.0087312 0.0345239 0.0331278 0.0218091 0.0255495 0.0216915 0.0178030 0.0000000 0.0144114 0.0363217 0.0252237 0.0108691 
b/malaysia/2506/2004           0.0070985 0.0124405 0.0106349 0.0052247 0.0088019 0.0125655 0.0070090 0.0088547 0.0124991 0.0123777 0.0034906 0.0052443 0.0106829 0.0124971 0.0124991 0.0088378 0.0088389 0.0128520 0.0126118 0.0088389 0.0124172 0.0036551 0.0161073 0.0124408 0.0142700 0.0088156 0.0034906 0.0310049 0.0052513 0.0070322 0.0106829 0.0017361 0.0125228 0.0142500 0.0106085 0.0070592 0.0123955 0.0178316 0.0107135 0.0070425 0.0017361 0.0144952 0.0144952 0.0106295 0.0124376 0.0289636 0.0243676 0.0111586 0.0181495 0.0106727 0.0106216 0.0144114 0.0000000 0.0347383 0.0179145 0.0036208 
b/texas/37/1988                0.0344220 0.0286204 0.0321630 0.0359005 0.0359019 0.0321292 0.0339596 0.0343021 0.0342053 0.0303032 0.0303012 0.0321135 0.0323250 0.0342002 0.0342053 0.0360688 0.0303066 0.0323073 0.0322290 0.0303066 0.0422697 0.0323051 0.0378428 0.0303024 0.0359372 0.0341307 0.0303012 0.0104488 0.0321576 0.0340906 0.0323250 0.0322523 0.0342727 0.0323134 0.0285325 0.0342322 0.0322163 0.0359193 0.0340919 0.0302718 0.0322523 0.0359345 0.0341578 0.0321459 0.0340179 0.0157157 0.0335933 0.0341329 0.0306344 0.0304001 0.0284349 0.0363217 0.0347383 0.0000000 0.0305416 0.0332975 
b/hong_kong/330/2001           0.0177496 0.0231007 0.0212702 0.0193617 0.0175060 0.0139425 0.0175219 0.0232807 0.0232157 0.0229786 0.0139689 0.0157349 0.0213713 0.0232121 0.0232157 0.0158559 0.0194480 0.0249194 0.0248598 0.0194480 0.0268897 0.0158256 0.0268355 0.0231017 0.0176119 0.0231701 0.0139689 0.0324551 0.0157560 0.0158801 0.0213713 0.0158009 0.0213512 0.0249249 0.0212142 0.0157995 0.0212315 0.0285084 0.0157706 0.0176088 0.0158009 0.0254454 0.0236330 0.0212591 0.0230955 0.0304258 0.0104550 0.0157909 0.0017086 0.0157100 0.0086993 0.0252237 0.0179145 0.0305416 0.0000000 0.0163113 
b/egypt/80/2007                0.0053862 0.0107876 0.0089656 0.0054242 0.0071233 0.0108978 0.0053177 0.0091929 0.0108385 0.0107329 0.0017656 0.0035358 0.0090062 0.0108367 0.0108385 0.0071525 0.0071534 0.0107518 0.0089028 0.0071534 0.0128829 0.0017681 0.0144851 0.0107879 0.0126320 0.0091507 0.0017656 0.0320994 0.0035406 0.0053353 0.0090062 0.0018042 0.0108593 0.0126147 0.0089432 0.0053559 0.0107484 0.0162359 0.0111217 0.0053432 0.0018042 0.0128342 0.0128342 0.0089610 0.0107851 0.0299869 0.0221008 0.0090615 0.0165289 0.0110777 0.0089542 0.0108691 0.0036208 0.0332975 0.0163113 0.0000000 
