189
HPHV_Bald_eagle_hepacivirus_E2_364-657_AlphaFold.pdb                                      0.0000000 0.7493436 0.7564213 0.8193109 0.8386434 0.8055246 0.6935091 0.6620847 0.7086161 0.8379072 0.8624172 0.5790278 0.9574927 0.9696296 0.7567487 1.1278086 0.8043568 0.7463761 1.3006736 0.8813727 0.8250868 0.9141168 0.8075189 0.8647487 0.8132076 1.0796997 0.8167287 0.7619322 0.8719461 0.9497100 0.7329477 0.8292529 0.5883897 0.8535303 0.6747266 0.7656328 0.9915558 0.9141169 0.9403371 0.9073261 1.1311085 1.0590463 0.9251912 0.8225431 0.8853679 0.6007201 0.8671010 0.9189712 0.7794925 0.9140222 1.1404209 0.5799862 0.6301661 0.9541425 0.9376926 0.8189106 0.8265398 0.8752708 0.9785392 1.1283714 0.7877755 0.9455953 0.7685885 0.7996493 1.2964897 1.1983783 0.8341340 1.1215539 1.3001848 0.7834807 0.7705389 1.3515894 0.9089810 0.7912276 0.8110631 1.3715904 1.8754563 1.1944677 0.8764244 1.5385223 0.8220217 0.8711694 1.0424892 0.8594763 0.8130061 0.9026436 0.7810774 0.9320756 0.7797118 0.7126009 0.7716954 0.7937864 0.7531354 0.9279990 0.8769184 0.8461991 0.7928383 0.9328488 0.8845254 0.8882429 1.0576417 0.8069290 0.8735757 0.9927805 0.8672244 1.0126806 1.0563968 0.9189868 0.9282287 0.9520407 0.9545982 0.9222696 0.9617431 0.9155991 0.9384096 0.8296932 0.9458360 0.8264182 1.0070615 1.0606533 0.9549708 1.0116029 0.9359966 0.9745817 0.9139889 0.7257661 0.9354929 0.8599334 0.8599334 0.8240965 0.9222849 0.9317887 0.9271581 0.8685214 0.9456603 0.9025788 0.8079857 0.8888874 0.9408159 0.9277771 0.9441722 0.9555134 0.9367048 0.9638397 0.9529098 0.9492481 0.9625666 1.0543954 1.0526868 0.9117453 0.9197230 0.9248394 0.9936038 1.1025796 0.9667011 1.3773059 1.0735778 1.0413587 1.2515392 1.1645875 1.2394224 1.2618150 1.1920228 1.0751558 0.7121582 1.3074974 1.2320353 1.1800422 1.1421810 1.0443070 1.0616680 1.1472966 1.0463681 1.0639804 1.1213815 1.1454310 1.2225879 1.2149199 1.2984436 1.1905864 1.1488729 1.2027571 1.1703822 1.0954965 1.0730065 1.2221252 1.1652972 1.1515684 0.8857784 
HPHV_Bamboo_rat_hepacivirus_OM451124_E2_367-619_AlphaFold.pdb                             0.7493436 0.0000000 0.1744376 0.5131879 0.5413579 0.8359435 0.7472350 0.7030895 0.6369534 0.4508959 1.1394207 0.7873840 0.8469281 1.1341774 0.3407717 1.3405153 0.9288389 0.4671061 1.4498029 0.3771927 0.3411551 0.3712768 0.4154824 0.3753784 0.5127810 1.0262354 0.8631279 0.4143307 0.8427353 0.6040784 0.5730363 0.4386247 0.7998724 0.8154716 0.8079211 0.5410224 0.8471959 0.7953450 0.7910587 0.7927406 0.9376246 0.8409550 0.8210828 0.4535278 0.5349328 0.8558680 0.4799612 0.4861121 0.4782572 0.8062461 0.9385325 0.8058343 0.9118729 0.8375932 0.8338919 0.4257645 0.4516457 0.4742752 0.7450532 0.8801759 0.1592015 0.4982168 0.2055827 0.4699036 1.4186012 1.2077666 0.4524654 1.2056700 1.4798567 0.4969658 0.3592330 1.2828051 0.4676695 0.4460069 0.4391849 1.4117964 1.9557744 1.2108960 0.4520723 1.5493073 0.3689811 0.5014270 1.0668722 0.4150602 0.4777669 0.4932200 0.4846458 1.0857324 0.8706032 0.5417462 0.4194367 0.9160456 1.0293729 0.5142254 0.4559650 0.5039767 0.3598154 0.3940534 1.0170321 1.0966025 1.2419159 0.8961289 1.0286193 1.1132101 0.9998061 1.2029131 1.0126381 1.0058146 0.9626319 1.0918592 0.9195927 1.0498645 1.1629615 1.0858804 0.8998542 0.9778572 1.1023414 0.8546628 1.1846067 1.0352953 0.9215951 0.9110079 0.9697018 0.9489784 0.8834643 0.9949524 0.9923049 1.1333797 1.1333797 1.0071905 1.1311695 1.1238699 0.9043085 1.0248666 0.9276988 0.9360560 1.0610399 1.1547048 1.0022568 0.9889628 0.9488597 0.9963272 1.0370343 1.0934419 0.9395248 0.9523186 0.8525340 1.0433429 1.0270589 1.1070892 1.0466979 1.0587445 1.1606250 1.2125594 1.1000333 1.1934697 1.1417736 1.0596661 1.1637621 1.0158277 1.0964295 1.0422998 1.2014239 1.0106699 0.9166020 1.1946329 1.1531684 1.2263872 1.0408206 0.9829995 1.0068903 1.0107576 0.9957389 1.0184956 0.9566371 1.1616097 1.0833950 1.1743206 1.0793520 1.1907388 1.1083024 1.0128189 1.0731695 1.1113404 1.1654521 1.1811940 1.1438647 1.1124659 0.9962224 
HPHV_Bamboo_rat_hepacivirus_OM480528_E2_358-622_AlphaFold.pdb                             0.7564213 0.1744376 0.0000000 0.5634028 0.5636046 0.7540737 0.6661582 0.6204180 0.6370200 0.4788895 1.0486622 0.8509278 0.8062737 1.0692430 0.3708713 1.2905759 0.8728693 0.4399813 1.4261820 0.3920591 0.3670882 0.4130807 0.4577780 0.4080604 0.4919822 1.0552102 0.8636833 0.4247561 0.7696438 0.6206328 0.5486119 0.4043503 0.8097722 0.7796530 0.7492147 0.5100581 0.8509202 0.7803116 0.7961271 0.7823565 0.9365797 0.8590584 0.7879629 0.4951493 0.5576702 0.8137095 0.4512139 0.4437468 0.4467129 0.8044193 0.9635125 0.7248928 0.8781610 0.7923608 0.8245076 0.3732216 0.4306535 0.5552113 0.7399997 0.9240609 0.2191235 0.4524426 0.2500188 0.4356969 1.5336133 1.1755662 0.4672883 1.2801218 1.5287651 0.4480273 0.3271444 1.3489796 0.4668059 0.4612610 0.4445684 1.6097121 2.0516870 1.2788349 0.4442873 1.6340079 0.4277884 0.4923787 1.1072952 0.4077141 0.4947447 0.5633536 0.4923182 1.0364332 0.8776360 0.4704098 0.4210842 0.9327810 0.9983347 0.5164128 0.4132473 0.4908319 0.3769029 0.3891564 0.9964165 0.9578858 1.2088419 0.8952255 1.0131625 1.1450164 0.9790448 1.0705510 1.0411068 1.0076071 0.9861244 1.1176296 0.9494869 1.0198417 1.0638233 1.0400995 0.9708901 1.0596523 1.0719056 0.7709082 1.1743341 1.0001482 0.9505877 0.9459816 0.9831580 0.9088324 0.8687713 0.9925576 0.9507333 1.0964983 1.0964983 1.0076082 1.1056881 1.0353676 0.8889311 0.9694810 0.9298589 0.9279755 1.0489396 1.1030779 1.0354250 0.9598583 1.0026473 0.9613955 1.0084338 1.0892347 0.9428200 1.0063419 0.9295312 1.0628013 1.0540010 1.0902128 1.0458456 1.0569551 1.1329633 1.1359645 1.0414604 1.1672319 1.0973191 1.0134288 1.2241925 1.0728143 1.1291562 1.1075223 1.2207349 1.0189979 0.8433928 1.2088477 1.1417727 1.2613356 1.0759900 0.9467676 1.0151730 1.0614049 1.0232896 1.0216830 0.9961258 1.1724672 1.1295921 1.1888049 1.1165883 1.2362666 1.1378985 1.0583729 1.1201338 1.1578437 1.1754214 1.2515279 1.1876894 1.1478919 1.1137185 
HPHV_Bat_hepacivirus_BK013349_E2_357-614_AlphaFold.pdb                                    0.8193109 0.5131879 0.5634028 0.0000000 0.6115858 0.8179927 0.7463616 0.7791911 0.8355608 0.5591177 1.1172976 0.9171111 0.9436811 1.0620424 0.4841068 1.2038046 0.9065912 0.5576251 1.2797191 0.4934899 0.4877002 0.5525326 0.4923577 0.4772484 0.5121396 0.9628022 0.8203296 0.5467751 0.8658976 0.6218439 0.5153712 0.5183005 0.8414045 0.9874796 0.9587252 0.5930759 0.9316920 0.8611068 0.9624023 0.8922253 0.9944470 0.9597528 0.9312475 0.3833871 0.5856713 0.8992461 0.5670336 0.5423683 0.5409712 0.9022943 1.0638433 0.8155551 0.9603199 0.9159674 0.9403837 0.4922249 0.5382804 0.6293311 0.7072932 0.9998947 0.5345439 0.5419398 0.5593012 0.6355253 1.4101470 1.3261585 0.6313556 1.1476018 1.6951856 0.5087424 0.4883335 1.3774324 0.5808428 0.6310068 0.6112458 1.5695452 1.8068030 1.2853175 0.6333324 1.5030296 0.5857158 0.5313082 1.1474757 0.5323281 0.5867300 0.6264504 0.5354699 0.9623721 0.9243805 0.5343397 0.5301550 0.9493878 1.0980983 0.5959440 0.5142229 0.4794142 0.4859951 0.6390509 1.1904744 0.8856133 1.1656575 0.9829956 1.1709134 1.1818317 1.0816092 1.3286959 1.0921938 1.1339766 1.0437442 1.3361942 1.0773312 1.1562114 1.2111836 1.3301328 1.0845290 1.0856130 1.1906447 0.8717321 1.2466636 1.1559155 1.0567874 1.0806357 1.0759711 1.0730971 0.9579462 1.0413921 1.0415647 1.2572498 1.2572498 1.0869088 1.0643345 1.2276420 1.0741687 1.1267055 0.9848698 0.9865630 1.1832478 1.1780867 1.0622717 1.0119522 1.1166928 1.2440799 1.2641087 1.2347265 1.0530106 1.0816483 1.0665124 1.0729036 1.2260131 1.3483919 1.2538561 1.2751567 1.2782862 1.4117325 1.2142692 1.2733494 1.0903471 1.0849527 1.2083855 1.0933670 1.1938427 1.1538964 1.2689515 1.0806718 0.8256445 1.1939288 1.0791724 1.1578166 1.0444965 0.9239551 0.9612322 1.0982475 1.0496354 1.0091198 1.0449040 1.1517854 1.1873993 1.2166980 1.1168257 1.3133914 1.1378807 1.0750109 1.2378956 1.1691354 1.0907940 1.1499858 1.1577189 1.1641846 0.9502121 
HPHV_Bat_hepacivirus_TA166TZA2013_E2_328-576_AlphaFold.pdb                                0.8386434 0.5413579 0.5636046 0.6115858 0.0000000 0.7879109 0.7625436 0.6891265 0.6827371 0.5710335 0.9779685 0.8151770 0.8837808 1.1348956 0.5316620 1.3553696 0.9243075 0.5985781 1.4198158 0.5760932 0.5342939 0.5919163 0.5632323 0.5301170 0.6158895 1.0050934 0.7899999 0.6009016 0.7647226 0.7151502 0.6282594 0.5357858 0.8487569 0.8476662 0.7987396 0.6459310 0.7989636 0.8395932 0.8227485 0.8855138 1.0054128 0.8566189 0.8677166 0.5008809 0.6125096 0.8651111 0.6205946 0.5976669 0.5324406 0.8014779 0.9343472 0.6839331 0.9191806 0.8628743 0.8341211 0.5852241 0.5838462 0.6665536 0.7557663 1.0088579 0.5640711 0.6518157 0.5647673 0.5654322 1.5108842 1.1205535 0.7153263 1.1777562 1.5042920 0.5508691 0.5442822 1.3059882 0.6476517 0.6170997 0.6352523 1.3782516 2.4930744 1.1093306 0.6515212 1.3091679 0.5276534 0.6156985 1.0598124 0.5323795 0.6284416 0.7034682 0.6148442 1.0518817 0.8690330 0.5865653 0.5283953 0.8032140 0.9390064 0.6481613 0.5409086 0.5387715 0.5406264 0.6730210 1.0192836 0.9566093 1.1999579 0.8727141 1.0093413 1.0238041 0.9963901 1.2196508 1.0336659 1.0059136 0.9199589 1.0528602 0.9922780 0.9658926 1.0038802 1.1476062 1.0178024 1.0280012 1.1199075 0.8775448 1.1508979 1.0161649 0.9433304 1.0098842 0.9708385 0.9377548 0.9091353 0.9404547 0.9612591 1.1004369 1.1004369 1.0381480 1.0332079 1.0805313 0.9448570 1.0860622 0.8995708 0.9209012 0.9920257 1.1155922 0.9760121 0.9995785 1.0407350 1.0487347 1.0936598 1.1847987 0.9255581 0.8613814 0.9092927 0.9628317 1.0955836 1.1363774 1.1640701 1.1027064 1.2871657 1.2779359 1.1602592 1.3401582 1.0752788 1.0716815 1.0590176 1.0163708 1.0629801 1.0213194 1.0550870 0.9382846 0.9243417 1.1180357 1.0876818 1.1919227 1.0245264 0.9418374 0.9379453 0.9368305 0.9283461 1.0215578 0.9173854 1.0593115 1.0806574 1.0624836 0.9876210 1.0135435 1.0536314 0.9412973 1.0681282 1.0798562 1.1335564 1.0749037 1.0429235 1.0490426 0.9329194 
HPHV_Catfish_hepacivirus_E2_552-803_AlphaFold.pdb                                         0.8055246 0.8359435 0.7540737 0.8179927 0.7879109 0.0000000 0.4893137 0.6557667 0.6917194 0.7901855 0.8407972 0.7874453 0.9436584 0.9807392 0.7009272 1.1804022 0.7880428 0.7476774 1.3448778 0.8159012 0.8038358 0.8849978 0.8423902 0.8131678 0.8596295 0.9639133 0.8560798 0.7753506 0.8001859 0.9539713 0.7702855 0.8659989 0.7802366 0.9187445 0.8837345 0.8647051 0.9436132 0.9187126 0.9241269 0.9592877 1.0469862 0.9925302 0.9011609 0.7750623 0.8519574 0.7595760 0.9095804 0.8959033 0.6855654 0.9343324 1.0415658 0.4132947 0.6364167 0.9477527 0.9619896 0.8517738 0.8734943 0.8894122 0.8373361 1.0439547 0.7879637 0.9025775 0.7886871 0.8328683 1.1411906 1.1167851 0.9435058 1.0897882 1.4659736 0.8395736 0.7682278 1.2804253 0.9169685 0.8656281 0.8999521 1.3076679 1.6848131 1.1086476 0.9054174 1.4687961 0.8765657 0.8903850 1.2029633 0.7370742 0.8483782 0.8824920 0.9168431 0.9881092 0.7716207 0.8735338 0.7249301 0.8427384 0.7483270 0.8686275 0.8505734 0.8817023 0.8460016 1.0086653 0.7098876 0.9518752 1.1027336 1.0426952 1.0328399 1.0603457 1.1664407 1.0929247 1.1033539 1.1007909 1.0527284 1.1380437 0.9536351 1.0291116 1.1628510 1.0868856 0.9554061 0.9582150 1.3015217 1.0118226 1.0101830 1.0646062 1.0626478 1.0079787 1.0472490 1.0097627 0.9458676 0.9853293 0.9529832 1.0094828 1.0094828 0.9395760 1.0719935 1.0297703 1.0119935 0.8959676 0.9762293 0.9335623 0.9931019 1.0205790 1.0557991 0.9771973 1.0292260 0.9791320 1.0729089 1.0213265 0.9864002 0.9820292 1.0251578 1.0355985 1.0657781 1.0861583 1.0843912 1.0765825 1.1595562 1.2053541 1.0534532 1.1883093 1.2154320 1.2394259 1.1965541 1.1533464 1.2897053 1.2248878 1.2740913 1.0777076 0.8944765 1.1843683 1.2070115 1.2733737 1.1358754 0.9820372 1.0665226 1.1918538 1.0526466 1.0844116 1.0610639 1.1748012 1.2225429 1.2533864 1.1364096 1.2506186 1.1908774 1.1904592 1.0795866 1.1663371 1.2058396 1.3144755 1.1718862 1.1322637 0.9549460 
HPHV_Chaetodon_aureofaciatus_hepacivirus_isolate_F25_E2_475-626_AlphaFold.pdb             0.6935091 0.7472350 0.6661582 0.7463616 0.7625436 0.4893137 0.0000000 0.4774846 0.5283850 0.6963459 0.4305462 0.4952346 0.8274761 0.8121691 0.7657320 0.8671420 0.5111959 0.6750825 0.9837583 0.7657479 0.7207410 0.8455390 0.7374800 0.8663746 0.7162762 0.9313126 0.7905340 0.6547734 0.6692529 0.8907823 0.7305129 0.6390716 0.6096343 0.8125968 0.5977275 0.8067830 0.8192646 0.7588917 0.8281118 0.7143742 0.7826237 0.8062624 0.7808680 0.7973112 0.8931756 0.5439598 0.8134437 0.7874551 0.6972124 0.7583601 0.8065392 0.4356135 0.5027498 0.7852623 0.9210248 0.7954302 0.6761351 0.7421581 0.9104448 0.8376682 0.7438748 0.8214836 0.6909794 0.6799842 1.0664040 1.0058608 0.8376257 1.0930129 1.4275337 0.6895441 0.8091896 1.2353004 0.7386774 0.7360184 0.8257168 1.3137298 1.7822327 1.0082660 0.8603757 1.5676799 0.8232583 0.7948864 0.8198051 0.7066945 0.7794990 0.8703008 0.7938919 0.7985309 0.4697121 0.6871531 0.5725864 0.7739514 0.5042931 0.7743999 0.6626815 0.6935526 0.7926824 0.7997737 0.4950307 0.8304723 0.9202127 0.8647531 0.8902259 0.8954474 0.9335282 0.9834146 0.7924431 0.8966908 0.7110310 0.9745367 0.8644682 0.7902332 0.9620176 1.0448447 0.9378726 1.0158988 1.0537488 0.6689227 0.8326500 0.8598742 0.9627117 0.8947122 0.8628667 0.7951320 0.7138447 0.7336347 0.6521438 0.8774734 0.8774734 0.8838230 0.8185018 0.8139351 0.7912254 0.7063244 0.7125477 0.6977100 0.9419808 0.9636891 0.7958602 0.8772133 0.8437679 0.9402048 1.0150123 0.8915849 0.7084940 0.7769594 0.7243596 0.8051359 0.9658333 1.0423318 0.9071710 0.9340186 0.9885667 0.9965736 0.9526710 1.1402180 0.7130392 0.7782830 0.9270031 0.8644152 0.9685892 0.8768521 0.8943896 0.9397087 1.0693121 0.8946812 0.9325254 0.7937129 0.8900039 0.7565294 0.7594804 0.8638835 0.8373009 0.7901701 0.7690859 0.9317521 0.9247278 0.8801140 0.8429662 0.8882033 0.9351693 0.9020165 0.8188227 0.8185319 0.9746570 0.9568900 0.8925110 0.9486585 0.7512844 
HPHV_Chinese_broad-headed_pond_turtle_hepacivirus_E2_495-722_AlphaFold.pdb                0.6620847 0.7030895 0.6204180 0.7791911 0.6891265 0.6557667 0.4774846 0.0000000 0.4681456 0.5388985 0.8049691 0.6526666 0.8838469 0.8908299 0.6558928 1.0409714 0.6662128 0.5390884 1.4069104 0.7424789 0.7204542 0.7551870 0.7113446 0.7188888 0.6388940 0.9163741 0.7376562 0.6125629 0.6600683 0.9529465 0.7790833 0.6839370 0.6085674 0.8404444 0.6615578 0.7367901 0.8494456 0.7573930 0.8707735 0.7940756 0.9389921 0.8593725 0.8102651 0.6776903 0.7321163 0.5883825 0.7265616 0.7394195 0.6653256 0.7794870 0.9574553 0.4641032 0.5663943 0.7992608 0.9414860 0.7093202 0.6629106 0.6930794 0.8340858 0.9145502 0.6358682 0.7189463 0.6362223 0.7180111 1.2695766 1.0263284 0.7952801 1.0829445 1.2914989 0.6678690 0.6700198 1.4110448 0.8115131 0.7334109 0.7443125 1.3839629 1.7441288 1.0855657 0.7265190 1.4162471 0.6927298 0.7462512 0.9506798 0.7369120 0.7467356 0.7376276 0.7355756 0.8712486 0.6972172 0.7105487 0.6098740 0.8672899 0.7070002 0.6939595 0.6684543 0.6539546 0.7293252 0.7351021 0.7785917 0.9386731 1.0299038 0.8895187 0.8961443 0.9660024 0.8508047 0.8757614 0.9468307 0.8755552 0.8330631 0.9587313 0.8287822 0.7964673 0.9771440 0.9407161 0.9640091 0.8983758 0.9996792 0.7088500 0.9694531 0.9509379 0.9217096 0.7970710 0.9436738 0.8774154 0.8075665 0.8188060 0.8836258 0.9195506 0.9195506 0.8472404 0.9832418 0.8843785 0.8261090 0.8759317 0.8312744 0.8330005 0.8418953 0.9545827 0.8892164 0.7487779 0.8922109 0.8918961 0.9005958 0.8909502 0.8815626 0.8381612 0.8985583 0.8433864 0.9955171 1.0231936 0.9692292 0.9194445 0.9761580 1.0923667 0.9932809 1.1739959 0.8735839 1.0175904 1.1553365 1.0892002 1.1802575 1.1811923 1.1801181 1.0176575 0.9173409 1.1413261 1.0575895 1.1059693 1.0558595 0.8630802 0.9700732 1.0614411 1.0014750 0.9408930 0.9598345 1.1473220 1.1559875 1.1443489 1.0856871 1.2179332 1.1999309 0.9576899 0.9843316 1.0872454 1.0686366 1.2578732 1.1450234 1.0628306 0.9138796 
HPHV_Chinese_softshell_turtle_hepacivirus_E2_501-725_AlphaFold.pdb                        0.7086161 0.6369534 0.6370200 0.8355608 0.6827371 0.6917194 0.5283850 0.4681456 0.0000000 0.6000438 0.8695802 0.6895106 0.8578528 1.0077396 0.6928476 1.0933782 0.7278669 0.5231017 1.3434889 0.7139031 0.7062844 0.7118473 0.6865909 0.7151386 0.6493164 0.8311912 0.6835688 0.6907809 0.6904225 0.9326872 0.7722098 0.7441463 0.6660179 0.7847508 0.6146416 0.6923627 0.8097232 0.7916404 0.8218800 0.7847627 0.9797698 0.8786124 0.7661877 0.7749693 0.8128481 0.5995338 0.7013440 0.7357412 0.7396686 0.7744444 0.9824311 0.4983748 0.6560487 0.7892913 0.8973346 0.6759616 0.6670792 0.7383336 0.8445460 0.9712944 0.6588117 0.7539453 0.6770689 0.8119465 1.0473168 0.8636669 0.7494722 0.9031124 1.1062179 0.6730898 0.6880541 1.1417808 0.7297865 0.7669727 0.6830842 1.1954727 1.3363323 0.9073687 0.6777131 1.1473567 0.6799911 0.7772500 0.8553070 0.7345256 0.6028436 0.7764663 0.6531607 0.8207057 0.7058028 0.6224389 0.4807002 0.7357375 0.6975123 0.6482526 0.6724455 0.6723024 0.7371169 0.7517079 0.7373537 0.8007879 1.0280740 0.7797684 0.8890687 0.9878163 0.8798391 0.9583304 0.9468674 0.8262849 0.7842517 0.8571969 0.8081467 0.9184823 0.9649970 0.8668499 0.9717214 0.8735393 0.9369409 0.7013122 0.9962408 0.8070419 0.8509638 0.8045268 0.9233270 0.8300259 0.7945727 0.7506970 0.9049713 0.8833765 0.8833765 0.8701985 0.8916947 0.9700605 0.8100577 0.9088876 0.7712368 0.7975957 0.8354519 0.9026968 0.8121366 0.7589114 0.9088548 0.8120466 0.9555569 0.9203366 0.7941484 0.7735568 0.8660623 0.7654820 0.8951277 0.8528708 0.9261815 0.8918835 0.9799310 1.1893513 0.9003429 1.2009697 0.7558540 0.8487893 1.0752703 0.9729182 1.0724582 1.0358606 1.1301705 0.9386608 0.9334163 1.0279033 0.9984317 1.1216275 1.0431860 0.8583332 0.8901328 0.9756633 0.9399335 0.8820735 0.9005875 1.0857341 1.0809380 1.0946406 1.0094083 1.0597826 1.0944815 0.9538712 0.9685496 0.9966987 1.0228546 1.0922924 1.0672677 1.0074132 0.8104207 
HPHV_Crab_eating_macaque_hepacivirus_E2_395-642_AlphaFold.pdb                             0.8379072 0.4508959 0.4788895 0.5591177 0.5710335 0.7901855 0.6963459 0.5388985 0.6000438 0.0000000 1.0059055 0.8115487 0.8863987 1.0331357 0.4931907 1.1502922 0.8784059 0.1786672 1.5052716 0.5484174 0.5524182 0.5464755 0.5494930 0.5111416 0.4773504 1.0566123 0.8782466 0.5115415 0.7850635 0.6686554 0.6467626 0.5148122 0.8683711 0.8401607 0.8649510 0.6457543 0.8092488 0.7561830 0.7708514 0.7852798 0.9802770 0.8269683 0.7969930 0.4636698 0.5790028 0.8183170 0.5899692 0.6676477 0.4921904 0.7457524 1.0072150 0.6617886 0.7263983 0.8942029 0.8623632 0.5070105 0.5788412 0.6076123 0.7082382 0.9159984 0.4293228 0.5486288 0.4279033 0.5795736 1.4223345 1.1863511 0.5741736 1.1066248 1.6326493 0.4824052 0.5189265 1.3440211 0.5891198 0.5172568 0.5520972 1.4981946 2.1652706 1.1614420 0.5986275 1.4764668 0.5014187 0.6595412 1.1562533 0.5354173 0.5943742 0.6337249 0.5615011 1.0136564 0.8255728 0.6027173 0.4688349 0.8951625 0.9146047 0.6824117 0.6161922 0.5523866 0.4846771 0.5500774 0.9721622 0.9772232 1.3198012 0.9915858 0.9578703 1.0191112 1.0850638 1.1220560 0.9994973 1.0470834 0.9606078 1.0975842 0.9581842 0.9758252 1.0552181 1.0970943 1.0907184 0.9435465 1.2198393 0.8064224 1.1053163 0.9716738 1.0709105 1.0356373 1.1195547 1.0289220 1.0086424 0.9912406 0.9374394 1.0652800 1.0652800 0.9973735 1.0762628 1.1478980 0.9459717 0.9640915 1.0114027 1.0197247 1.0049888 1.1709321 0.9848575 0.9011006 0.9823997 1.0056787 1.0451504 1.0660380 0.9736569 0.9620041 0.9519118 0.9628540 1.1214835 1.0551877 1.0767250 1.0375375 1.2049172 1.3364116 1.0589017 1.2229642 1.0185711 1.0457617 1.0574818 0.9715118 1.0822789 1.0114458 1.1024333 1.0271257 0.9377088 1.1080096 1.0818262 1.1643137 1.0685639 0.9452754 0.9643174 1.0527184 1.0023165 1.0036238 0.9483551 1.0990237 1.0731510 1.0621043 0.9483327 1.1022750 1.1219711 0.9621165 1.0149575 1.0519908 1.1155229 1.1853528 1.0491987 1.0653621 0.9394306 
HPHV_Cyprichromis_hepacivirus_E2_337-528_AlphaFold.pdb                                    0.8624172 1.1394207 1.0486622 1.1172976 0.9779685 0.8407972 0.4305462 0.8049691 0.8695802 1.0059055 0.0000000 0.8689360 1.1143231 0.9483949 1.0626622 0.8775728 0.6253769 0.9528003 1.1867524 1.1103083 1.0537913 1.2618404 1.1336412 1.1332810 1.0869506 0.8909963 0.8911031 1.0056150 0.8607507 1.2451657 1.0712250 1.1922436 0.8433401 1.0487629 0.7998879 1.2078139 1.0561965 0.9631970 1.0215456 1.0405454 1.0359181 1.1323704 1.0538165 1.0399801 1.1817076 1.0541492 1.2129183 1.2138200 1.0367811 0.9991134 1.0177786 0.7178861 0.6497694 1.0523370 1.0990965 1.1500622 1.1503482 1.0333018 1.2007684 1.0913451 1.0915426 1.1652612 1.1662884 1.1434423 1.0783604 1.1644393 1.2875078 1.1113910 1.3811423 1.0928997 1.0919522 1.2856364 1.1970313 1.2478246 1.1796232 1.3988333 2.0936578 1.2315117 1.1884537 1.8686677 1.2427329 1.2420260 1.1107886 1.1804810 1.1658733 1.2924274 1.1508317 1.0282738 0.6897468 1.1018955 0.9993105 0.8396838 0.7634081 1.2920478 1.0885706 1.0458909 1.1776843 1.1808872 0.6595329 0.8210827 1.0100429 1.1958773 1.2868365 1.1980571 1.1816415 1.2964650 1.1790203 1.2105145 1.1021441 1.3015905 1.2908450 1.2120126 1.2759495 1.6486022 0.9213792 1.2376129 1.5163950 1.0045932 1.0962260 1.1759569 1.2957865 1.2046229 1.1303837 1.1856842 1.0559123 1.1086022 1.1160075 1.2718644 1.2718644 1.2195928 1.1710047 1.2268470 1.1168895 1.1831087 1.1007739 1.0459049 1.1130513 1.3716194 1.2718626 1.2093530 1.2727015 1.3555837 1.4497256 1.1975930 0.9658574 1.1778257 0.9742492 1.2622451 1.4099624 1.3288487 1.2966361 1.2939872 1.3793822 1.5043977 1.4475611 1.1007071 0.7972257 0.8612622 1.0162507 1.0475260 1.0369856 1.0491233 1.0343391 0.9347454 0.8863769 1.0108895 1.0211594 0.9303701 0.9029876 0.7990224 0.8348139 0.9354225 0.8490450 0.9081239 0.8469647 1.1093438 1.0209237 1.0566775 0.9563636 1.0129475 1.0337460 0.9796657 0.8857802 0.9141874 1.0116580 1.0319996 0.9593450 0.9854222 0.8421250 
HPHV_Duck_hepacivirus_HCL-1_E2_483-754_AlphaFold.pdb                                      0.5790278 0.7873840 0.8509278 0.9171111 0.8151770 0.7874453 0.4952346 0.6526666 0.6895106 0.8115487 0.8689360 0.0000000 1.0085391 1.0886955 0.8800162 1.1001088 0.7424392 0.7545190 1.4730122 0.9777444 0.9426499 0.9824255 0.9457987 0.9820747 0.7817124 1.1216642 0.9298199 0.8241727 0.8476945 1.0456770 0.8704627 0.9009503 0.6836132 0.9765787 0.5955064 0.8798132 1.0030477 0.9254913 0.9986828 0.9348913 1.0835794 1.0392875 0.9106707 0.9713475 0.9087187 0.6082504 0.8807283 0.9853643 0.8842603 0.9395555 1.0378978 0.5489975 0.6546471 1.0193604 1.1435320 0.8071156 0.8453898 0.9183023 1.0607227 1.0821180 0.8645396 1.0265979 0.8016939 0.8677894 1.3958813 1.2136266 0.9738930 1.2375764 1.5994743 0.8079208 0.9090921 1.4393116 0.9494579 0.8659554 0.8803043 1.5740826 2.0040128 1.1938997 0.9476936 1.5745364 0.8811301 0.9083264 1.0538693 0.9799987 0.8914456 0.9759013 0.8769345 0.8825114 0.8347096 0.7549623 0.7108612 0.9358096 0.6876864 0.8715215 0.8723653 0.8247068 0.8758991 0.9807498 0.8367743 0.9885102 1.2154662 0.8629386 0.8981246 1.1315984 0.9698351 1.0746166 1.1530830 0.9306692 0.9402466 1.1097149 0.8913358 0.9784680 0.9778660 1.0470166 1.0287923 0.9290019 1.0940630 0.7476716 0.9807506 1.0657607 1.0245316 0.9476352 1.0791392 0.9440012 0.9025522 0.7637753 0.9626016 0.9167188 0.9167188 0.9150977 0.9719790 1.0081266 0.8522325 0.8418074 0.9399710 0.9037926 0.9505125 0.9678034 0.9313471 0.9294088 0.9270482 0.9788208 0.9756185 1.0854818 0.9612060 0.9432934 1.0059930 1.0603724 1.0145580 0.9235295 0.9407694 0.9313124 0.9284813 1.0771985 0.9524421 1.5301545 1.1589200 0.9746675 1.3002325 1.1696711 1.4287103 1.2556624 1.2879006 1.1556120 0.8026345 1.4344818 1.4169093 1.3080868 1.2159448 1.1802358 1.1982856 1.2825558 1.2081165 1.1667669 1.2411670 1.3014034 1.3387933 1.3659425 1.3230982 1.3309324 1.3402347 1.2220070 1.2666971 1.2521725 1.3172962 1.3366121 1.3279002 1.3410746 0.9439686 
HPHV_Equine_hepacivirus_E2_392-724_AlphaFold.pdb                                          0.9574927 0.8469281 0.8062737 0.9436811 0.8837808 0.9436584 0.8274761 0.8838469 0.8578528 0.8863987 1.1143231 1.0085391 0.0000000 1.2379704 0.8380460 1.2725548 0.9542549 0.9127624 1.2203830 0.9169966 0.8737235 0.8877325 0.8650438 0.8240755 0.8386484 1.2209161 0.6535693 0.8003034 0.6245023 1.1693869 0.9670345 0.8660075 1.0075930 0.2277474 0.9311954 0.8862375 0.4828501 0.4932916 0.5137893 0.4483407 0.5288147 0.4861194 0.5198751 0.8822894 0.8882909 0.9400500 1.0467361 1.0297034 0.8020584 0.4796958 0.5811684 0.8368621 0.7792345 0.2279265 0.2172917 0.8651743 0.9792760 1.0234371 0.9825074 0.5688008 0.8644080 0.8681767 0.8106965 0.9205807 1.9106532 1.5156227 0.9347470 1.5299686 1.8837650 0.8493470 0.8190516 1.7864680 1.0032138 0.9578819 0.9526813 1.9302233 2.1474429 1.4666707 0.9277902 1.8408154 0.8244328 0.9635161 1.2147694 0.7886103 1.0136317 0.9444931 0.9173865 1.1995031 0.9385940 0.8691066 0.8293124 1.0071379 0.9184901 1.1549674 0.9310860 0.9151971 0.8670960 0.9128613 1.1233159 1.2404456 1.2203917 1.0345353 1.1953135 1.2740348 1.1157595 1.2492378 1.3277540 1.1910577 1.0941691 1.1408615 1.1597568 0.9970361 1.2647156 1.1860546 0.9033908 1.0758968 1.1119284 0.8565393 1.1762648 1.1324176 1.1477049 1.1472488 1.1302159 1.2284279 1.0537955 1.0260777 1.2483386 1.2103484 1.2103484 1.0089817 1.1375942 1.1971515 1.0798856 1.0322708 1.1220728 1.1551234 1.1957407 1.1976420 1.1794352 1.0023285 1.2171563 1.2281654 1.2484558 1.4020202 1.1219840 1.1027316 1.1236670 1.2377576 1.2292050 1.1617978 1.1852831 1.0365705 1.2956954 1.3514112 1.3039266 1.3013829 1.1436860 1.1498387 1.4012830 1.3091577 1.4042178 1.3762464 1.3718790 1.3083902 0.8240216 1.3503235 1.2501449 1.1733892 1.3207887 1.1149634 1.1975240 1.2235952 1.1580792 1.2089603 1.1764200 1.2487293 1.2253710 1.2700188 1.3012581 1.3284463 1.3333342 1.2735925 1.2436819 1.2663492 1.1487656 1.3373640 1.2984516 1.3161519 0.9647330 
HPHV_Gecko_hepacivirus_E2_504-775_AlphaFold.pdb                                           0.9696296 1.1341774 1.0692430 1.0620424 1.1348956 0.9807392 0.8121691 0.8908299 1.0077396 1.0331357 0.9483949 1.0886955 1.2379704 0.0000000 1.0593456 0.7337158 0.9934436 0.9958161 1.0225964 1.0216962 1.1167972 1.1732172 1.0704715 1.1145849 1.0759084 0.9262640 1.1160280 1.1685686 0.9913009 1.2357814 1.0654286 1.0197565 1.0190306 1.3114525 0.8079390 1.0301508 1.1626923 1.1405494 1.1250112 1.0717607 1.2130769 1.2104319 1.0924498 1.0508385 1.1554148 0.8826532 1.1251697 1.2399879 1.1151091 1.1812989 1.2182770 0.7743392 0.8922536 1.1324784 1.2524704 1.0035201 1.1579960 1.1919844 1.0026669 1.2710893 1.1303148 1.1395056 1.0673340 1.0664232 1.0785432 1.0149438 1.2776498 1.0912094 1.3926608 0.9809891 0.9859787 1.1427879 1.1146970 1.0802818 1.1572338 1.3872944 1.5945752 0.9514393 1.2275986 1.5809811 1.1813479 1.2603569 1.1464979 1.0140589 1.1714030 1.2267321 1.1307400 1.0624338 1.0652108 1.1548110 1.0113754 0.8325422 0.7779911 1.3377916 1.1501002 1.1364894 1.1355450 1.1182186 1.0758958 1.0079166 0.9617183 1.0769615 1.3180898 1.1245093 1.2390931 1.3457933 1.3205771 1.1622372 1.2817422 1.1316998 1.2632966 1.0425007 1.3243805 1.2916435 1.1598767 1.1937047 1.1733822 1.2276362 1.1749572 1.1957308 1.3747270 1.2257996 1.4246997 1.2924919 1.2792277 1.1117495 1.1610455 1.3165792 1.3165792 1.1400849 1.2346583 1.2674292 1.2655304 1.1498689 1.3060203 1.2856769 1.0940001 1.2686863 1.2908051 1.1480484 1.2635352 1.2035943 1.2602273 1.3370691 1.2827944 1.1630390 1.2733894 1.2703898 1.2631050 1.2248235 1.2739620 1.3252941 1.3388207 1.4114799 1.2079368 1.1413019 1.2095389 1.2055968 1.2283869 1.1900451 1.2265226 1.3128047 1.2498764 1.2631215 0.9569707 1.4263456 1.4048047 1.3909524 1.2844220 1.2078685 1.2351485 1.2259243 1.2401781 1.3171477 1.2155769 1.2110300 1.2524989 1.3344481 1.2714294 1.2299097 1.1430776 1.4044520 1.3389205 1.3556245 1.1719267 1.3157907 1.2525504 1.3243926 1.0296753 
HPHV_Gerbil_hepacivirus_E2_407-679_AlphaFold.pdb                                          0.7567487 0.3407717 0.3708713 0.4841068 0.5316620 0.7009272 0.7657320 0.6558928 0.6928476 0.4931907 1.0626622 0.8800162 0.8380460 1.0593456 0.0000000 1.1545902 0.8577370 0.4710872 1.4665642 0.3285805 0.3239151 0.4152814 0.3922007 0.2813878 0.4606614 0.9388152 0.8520136 0.4549710 0.7782788 0.6161224 0.5518271 0.4904258 0.8348791 0.8392212 0.9042466 0.4848937 0.8494847 0.7768734 0.8397737 0.7978091 0.9612248 0.8716298 0.8274437 0.4050974 0.5188785 0.7630080 0.5108167 0.5213926 0.4360102 0.7634214 1.0506254 0.7237626 0.8614889 0.8085207 0.8627176 0.4517158 0.4568429 0.5467192 0.7068966 0.9819597 0.3751627 0.3990987 0.3671897 0.4103948 1.3001885 1.0496906 0.5250611 1.0647648 1.3528271 0.4383127 0.3304794 1.2693481 0.4685131 0.3541070 0.4691696 1.4175915 1.7842859 1.1322435 0.5127502 1.4851764 0.3476062 0.5147350 1.1603703 0.4293810 0.4999232 0.5364771 0.4410365 0.9364108 0.8963113 0.5355885 0.4898929 0.8391228 1.0217891 0.6186794 0.4634288 0.4622964 0.3826779 0.4130605 1.0502163 0.9103151 1.1119600 0.8597455 1.0551726 1.0913576 0.9240940 1.0767856 1.0067776 0.8925929 0.9551679 1.0713944 0.9056478 0.9727316 1.1470956 1.0846268 0.8617612 0.9423767 1.0776067 0.7877231 1.1045372 1.0503879 0.8963468 0.8789543 0.9256726 0.9011603 0.8273725 0.9529207 0.9987257 1.0809256 1.0809256 0.9890445 1.0531806 0.9787895 0.9103261 1.0098928 0.8977075 0.8759406 0.9801049 1.0543073 0.8575154 0.8924789 0.9725057 0.9507755 0.9800656 1.0585315 0.9131155 0.9231635 0.8426179 0.9731722 0.9779363 1.0635860 1.0853621 1.0826271 1.1420577 1.1437688 1.1235992 1.2850262 1.0334727 1.0877287 1.1213446 1.0450173 1.0336586 1.0568495 1.1331061 0.9875053 0.8227793 1.0672731 1.0519696 1.0915007 1.0073588 0.9284047 0.9934730 0.9523391 0.9721011 0.9718519 0.9823755 1.0461311 1.0515186 1.0824058 1.0543002 1.0954767 1.0594655 0.9845499 1.0857412 1.0852377 1.0521445 1.0570769 1.0591211 1.0631298 0.9535044 
HPHV_Guangxi_chinese_leopard_gecko_hepacivirus_E2_984-1226_AlphaFold.pdb                  1.1278086 1.3405153 1.2905759 1.2038046 1.3553696 1.1804022 0.8671420 1.0409714 1.0933782 1.1502922 0.8775728 1.1001088 1.2725548 0.7337158 1.1545902 0.0000000 1.0903236 1.1512618 0.9352607 1.1742700 1.1600163 1.2260933 1.1252637 1.1628714 1.1997167 0.9913451 1.1196395 1.1273657 1.0559330 1.3778764 1.0974808 1.3302601 1.0652667 1.2922829 0.9767472 1.2097851 1.2636732 1.1007578 1.1680213 1.1678219 1.1160697 1.2654478 1.2322136 1.2055317 1.3035215 0.9803290 1.1689414 1.3575716 1.2004941 1.1854905 1.2752226 0.7957350 0.8697135 1.0486189 1.1905887 1.1967883 1.3088419 1.2553692 1.2891650 1.2502468 1.1714247 1.2750174 1.2336774 1.3351400 0.9867177 1.0998742 1.4937186 0.9630664 1.5112369 1.2644606 1.0653009 0.9933113 1.3251537 1.2879443 1.3228651 1.5573466 1.5318802 0.9900253 1.3623568 1.6447344 1.3866617 1.4545835 1.0511090 1.2833346 1.2841194 1.4730702 1.2633847 1.0956900 1.1418265 1.2345376 1.1072580 0.8512248 1.0261147 1.2458922 1.3402724 1.5001979 1.2527231 1.3187510 1.1485143 0.8676737 0.8974621 1.2636838 1.4166240 1.3960973 1.3954398 1.4236833 1.4679321 1.2460317 1.4300823 1.3984969 1.4189665 1.2894311 1.4714827 1.4223734 1.2371577 1.2009566 1.1730123 1.3596832 1.2927533 1.2524302 1.4754585 1.3626628 1.4513028 1.4322450 1.4404112 1.2437547 1.3883103 1.4143206 1.4143206 1.4782732 1.3739236 1.2467448 1.4246058 1.3625499 1.4625762 1.4405621 1.2973028 1.3427571 1.3672976 1.4329763 1.4322475 1.4438795 1.3929336 1.5816273 1.5199529 1.4683843 1.5152443 1.4174713 1.5473474 1.3004709 1.3829638 1.2857251 1.4025999 1.6929090 1.3667070 1.4850328 1.5398125 1.1886890 1.3200531 1.4252285 1.3921101 1.4495914 1.4610915 1.3897621 0.8280968 1.4478166 1.2730862 1.2959589 1.4534811 1.2836169 1.3107620 1.2295377 1.3348185 1.2993222 1.2714440 1.3605527 1.3820431 1.4900764 1.3706364 1.4667805 1.2803094 1.5849192 1.4197534 1.6013708 1.3644492 1.3629629 1.3708560 1.4481100 1.0557042 
HPHV_Guangxi_houndshark_hepacivirus_E2_538-759_AlphaFold.pdb                              0.8043568 0.9288389 0.8728693 0.9065912 0.9243075 0.7880428 0.5111959 0.6662128 0.7278669 0.8784059 0.6253769 0.7424392 0.9542549 0.9934436 0.8577370 1.0903236 0.0000000 0.8558748 1.2695212 0.9098220 0.8913464 0.9622078 0.9357078 0.8864390 0.9478503 0.9344763 0.8865276 0.8107763 0.8350108 1.0179099 0.9348388 0.9221055 0.7043773 0.9993142 0.7823222 0.8656302 0.9652527 0.9666917 0.9335139 0.9074918 1.0952983 1.0001065 0.9204534 0.9182822 0.9365945 0.6788761 1.0013695 0.9871399 0.7812212 1.0353922 1.1277540 0.6696827 0.7182325 0.9812006 0.9907438 0.9729870 0.8597854 0.8740897 0.9285064 1.1882278 0.9148269 0.9514802 0.9137778 0.8680414 1.1192608 1.0975128 0.9687352 1.0852010 1.3527350 0.9466844 0.8901378 1.2126020 0.9959568 0.9811304 1.0154888 1.1714934 1.9753240 0.9918753 0.9659891 1.5008010 0.9172585 0.9380417 0.9356554 0.9356015 0.9872137 1.0436982 0.9433041 1.0150908 0.3999963 0.8683715 0.8575684 0.8138583 0.7135892 0.8828765 0.9203146 0.8823793 0.9190807 0.9390985 0.7463664 0.8487505 1.0251620 0.9332636 1.1027379 1.0946101 0.9749356 1.1518744 1.2260608 1.0689122 0.9743165 1.1502126 1.0714798 1.0723082 1.1265481 1.2489637 0.9592675 1.0681757 1.1267941 0.9124215 0.9336691 1.0858236 1.1637461 1.1053968 1.1495326 1.0743355 1.0203915 0.9428630 0.9944828 1.0238040 1.0238040 1.1103904 1.1017542 1.0053964 1.0610700 0.8887345 0.9711871 1.0092165 1.1080874 1.1697046 1.1135576 1.0302565 1.0809831 1.2253055 1.2150885 1.1292439 0.9315252 1.1263414 1.0298517 1.0636064 1.1999428 1.1272235 1.0605197 1.1547603 1.1845684 1.3394979 1.2125945 1.1236948 0.8409213 0.8461596 0.9969094 1.0003010 1.0594931 0.9748425 1.0569340 0.8731737 1.0329637 0.9932593 0.9615420 0.9581729 0.9651935 0.8403718 0.8348981 0.8603810 0.8739239 0.8290300 0.8590308 0.9988904 0.9999562 1.0320144 0.9569176 1.0869982 1.0115762 0.9069379 0.8849520 0.9434840 1.0353433 1.0835120 1.0389068 0.8509934 0.8156061 
HPHV_Guereza_hepacivirus_E2_393-653_AlphaFold.pdb                                         0.7463761 0.4671061 0.4399813 0.5576251 0.5985781 0.7476774 0.6750825 0.5390884 0.5231017 0.1786672 0.9528003 0.7545190 0.9127624 0.9958161 0.4710872 1.1512618 0.8558748 0.0000000 1.5123722 0.5615702 0.4951125 0.5165690 0.4761645 0.4744064 0.4342714 1.0425411 0.8847667 0.4735383 0.8068121 0.6799978 0.5536669 0.4877829 0.8654201 0.8749652 0.7677895 0.5501739 0.8679436 0.7798302 0.7564445 0.8036480 1.0084950 0.9044763 0.8313815 0.4510893 0.5693935 0.7479348 0.5702579 0.5771666 0.4580956 0.8090501 1.0477778 0.6099934 0.6779193 0.9028693 0.8846012 0.4983643 0.5215984 0.5884572 0.6806728 0.9385537 0.4085096 0.5784596 0.4253653 0.5586479 1.3840122 1.0654110 0.5439686 1.1138807 1.5335866 0.4572374 0.4629101 1.3025500 0.5282957 0.4661325 0.5038739 1.3938338 2.0966324 1.0738609 0.5346968 1.5869486 0.4989902 0.5917173 1.1224586 0.4942623 0.5287245 0.5709384 0.4970241 0.9780792 0.7744222 0.5086992 0.4284355 0.8236301 0.9545041 0.6460587 0.5164284 0.5356688 0.4701225 0.5240221 0.9081385 1.0423852 1.3141041 0.9275330 0.9746143 1.0209947 1.0129679 1.0940986 0.9733605 0.9591976 0.8857040 1.0223283 0.9187598 0.9848488 1.0132717 1.1166940 1.0810514 0.9348917 1.1408873 0.8528367 1.0252713 0.8756297 1.0299100 0.9830667 1.0416129 0.9631037 0.9456673 0.9001395 0.8638101 1.0394699 1.0394699 0.9781855 0.9327428 1.1418438 0.8562432 0.8844024 0.9541609 0.9468466 0.9781113 1.0622965 0.8908620 0.8615532 0.9764679 0.9933803 1.0254220 1.0145377 0.9049938 0.9206193 0.9799968 0.8460034 1.0573212 1.0544459 1.0344210 1.0271234 1.0453834 1.2518436 1.0524287 1.3030817 0.8594558 0.9042309 1.0206880 0.9219470 1.0388151 1.0034339 1.1137378 0.9604655 0.9330124 1.0494598 1.0746434 1.1171554 1.0610453 0.9079070 0.9262402 1.0223214 0.9475487 0.9752474 0.9164238 1.0336898 1.0318616 1.0251731 0.9530212 1.0579225 1.0277254 0.9144213 0.9916783 1.0354412 1.0831348 1.1337241 1.0374232 1.0504872 0.9151701 
HPHV_Hainan_oriental_leaf-toed_gecko_hepacivirus_E2_409-675_AlphaFold.pdb                 1.3006736 1.4498029 1.4261820 1.2797191 1.4198158 1.3448778 0.9837583 1.4069104 1.3434889 1.5052716 1.1867524 1.4730122 1.2203830 1.0225964 1.4665642 0.9352607 1.2695212 1.5123722 0.0000000 1.4791412 1.4077968 1.5697269 1.4998791 1.4248854 1.3341499 1.0041319 1.2324335 1.3085277 1.1308186 1.6003950 1.3299858 1.4112038 1.3237738 1.2938367 1.1130610 1.3826126 1.4509867 1.3228065 1.3692199 1.3718766 1.4534676 1.3903174 1.4594275 1.4896501 1.3650349 1.3803798 1.4354298 1.4909544 1.3782556 1.3951884 1.5241392 1.1036052 1.2038026 1.2196767 1.1875869 1.2798508 1.5881885 1.5862104 1.2787687 1.4819230 1.3664521 1.4905118 1.4355913 1.5928661 1.2857028 0.9826524 1.6222323 1.0462335 1.7939633 1.3688695 1.4614007 1.1671952 1.4161527 1.3226527 1.4909442 1.2776168 1.3642526 1.0489108 1.5965854 1.3866536 1.5949764 1.6454909 1.2354322 1.5210581 1.4809239 1.6556428 1.3697821 1.3513139 1.3685116 1.3121852 1.3330992 0.9223651 1.3375694 1.5819098 1.4475613 1.3574733 1.3933325 1.4851779 1.3038604 1.0921732 0.7944970 1.4805433 1.4506295 1.5327601 1.9923059 1.5309422 1.5885789 1.9793479 1.5392802 1.5916710 1.4600896 1.5710004 1.6553578 1.6309454 1.1123368 1.3972421 1.6374402 1.6161473 1.4611257 1.4475016 1.6452408 1.5623868 1.5107791 1.5762830 1.5188067 1.2595110 1.2931800 1.4995656 1.4995656 1.3306657 1.5338779 1.5162178 1.4649142 1.3581309 1.5739302 1.5484678 1.3012916 1.4551669 1.7805066 1.7146517 1.4828084 1.5565578 1.6144318 1.5384176 1.5525378 1.5917533 1.5675120 1.6832112 1.5597623 1.5820176 1.4665403 1.4186321 1.5272531 1.7892134 1.5536963 1.4723118 1.4898304 1.5463528 1.4176642 1.4382372 1.4465900 1.3989112 1.4514704 1.3765704 1.3039349 1.6632171 1.4596123 1.5255409 1.6092099 1.2571899 1.3767898 1.3627883 1.4066473 1.5136805 1.4414085 1.3979972 1.4412931 1.5006087 1.4509582 1.4606891 1.3934862 1.6057801 1.4999497 1.4732068 1.4168010 1.6891709 1.5661676 1.5527601 1.1013018 
HPHV_Hepacivirus_F_E2_340-619_AlphaFold.pdb                                               0.8813727 0.3771927 0.3920591 0.4934899 0.5760932 0.8159012 0.7657479 0.7424789 0.7139031 0.5484174 1.1103083 0.9777444 0.9169966 1.0216962 0.3285805 1.1742700 0.9098220 0.5615702 1.4791412 0.0000000 0.2876438 0.1797223 0.2676188 0.2877598 0.5352031 0.9709798 0.9580131 0.5287527 0.8755153 0.7392304 0.5942048 0.5149524 0.9024524 0.9510475 0.8771277 0.5808632 0.9186613 0.8695283 0.9177227 0.9113705 1.0471477 0.9669198 0.9612090 0.5475919 0.5849599 0.8646764 0.5748226 0.5587683 0.5361866 0.9034544 1.1447044 0.7988743 0.9351676 0.8892876 0.9431734 0.4592633 0.5031954 0.5440372 0.7125770 1.0745972 0.4330730 0.5137517 0.4414042 0.4763754 1.4536044 1.2376939 0.5297702 1.1389144 1.4146950 0.4435006 0.2483452 1.1714418 0.4306032 0.4803758 0.5227018 1.4920570 1.8094276 1.1618776 0.5109876 1.6114129 0.4741658 0.5897382 1.1624354 0.3594186 0.5327525 0.5594316 0.5430255 1.0140664 1.0085416 0.5714957 0.4704466 0.9357117 1.0105877 0.5948918 0.5274694 0.5624910 0.4766857 0.3867767 1.0965379 0.9436181 1.2536733 0.9610205 1.0519095 1.1264766 1.0590215 1.0476351 1.0839866 1.0322286 1.0703939 1.1392611 1.0696459 1.0250962 1.1975894 1.1596721 0.9984346 0.9895177 1.1245424 0.9012196 1.2461024 1.0846464 1.0282605 0.9789465 1.1001914 1.0709636 0.9707135 0.9598473 1.0345761 1.1613731 1.1613731 1.0089413 1.1165573 1.0988724 1.0124882 1.0652027 1.0521728 1.0263066 1.0616524 1.0686695 1.0773930 1.0337747 1.0822936 1.0081700 1.1129630 1.1666931 1.0391165 1.0816342 0.9866417 1.0427676 1.1312298 1.0838369 1.1438392 1.1133586 1.2404171 1.2703470 1.2443051 1.2466990 1.1468713 1.2045956 1.2735141 1.1777929 1.1895302 1.1703349 1.2504248 1.1421076 0.9083181 1.2897902 1.2415369 1.1748741 1.1873348 1.0533304 1.1190781 1.1610767 1.1404596 1.1141027 1.1437409 1.2429913 1.1939515 1.2138808 1.2091148 1.2674056 1.2487579 1.0900188 1.2650387 1.2709472 1.1600140 1.2299359 1.2274442 1.2774458 1.1408661 
