189
HPHV_Bald_eagle_hepacivirus_E2_364-657_AlphaFold.pdb                                      0.0000000 2.7627248 2.9908371 4.0949905 3.0810158 3.0033298 2.3953358 2.9054142 2.6352620 3.8674394 2.6119680 1.8291541 4.0113955 3.8265490 2.9263035 3.9855629 3.1195604 3.6388469 4.1913735 3.1520478 3.1526007 3.1296248 3.1506949 3.1103860 3.5094936 8.9999984 4.2113009 3.7739567 3.8594720 3.5423330 3.5659786 3.5907107 2.0297984 3.9595360 2.4871697 3.5160447 4.0636311 3.9052872 3.8549635 3.9998850 3.8442538 3.7639974 3.8111031 4.0629930 3.5073720 2.0766589 3.3585035 3.5704977 3.4737008 3.9925119 3.8597792 3.3157866 3.0950794 3.9183879 3.9689822 3.1462894 3.1520089 3.5254880 4.0088363 3.8134334 2.9686496 3.1308649 2.9711902 3.3725062 4.6596865 4.9204793 3.1296154 5.0135808 4.9813151 3.5913543 3.1439481 5.0687785 2.8548101 3.5188158 2.9460952 4.7870691 5.1282583 4.9399246 2.9355743 5.0382559 3.0719522 3.1801190 5.6694129 2.8598660 3.2546064 3.4711929 3.4872279 3.3970005 2.8695578 3.4484970 3.3325865 5.9762235 3.3971515 3.3665444 3.5777666 3.5055850 2.9969119 3.1879920 2.7349872 3.8572366 7.9297954 3.7034118 4.0287216 3.3787197 3.8586384 3.4440824 3.2444358 3.6725918 3.3583312 3.0706917 3.7492719 3.6144249 3.7666906 3.5693826 4.9952240 3.4824540 3.8293461 3.0300205 3.5461329 3.4435645 3.8710208 3.9156086 3.7559100 3.6692299 3.8396579 3.3480363 3.2859301 3.6825954 3.6825954 3.7067662 3.4776441 3.5586826 3.7283540 2.9924713 3.8240066 3.8098863 3.5116164 4.2176407 4.0573417 3.9263961 3.8326880 3.4950744 3.4517696 3.5403585 3.4886213 3.7606868 3.9895990 3.4252554 3.5891246 3.6500605 3.9976830 3.9355554 3.5397560 3.5922602 4.1898233 8.9999989 5.8608011 4.7988561 6.9019391 6.8965864 7.1791906 7.2815174 7.3814020 6.8185441 4.5700844 7.2625574 7.2742699 6.1152970 6.7602005 7.2770208 7.0483767 7.1975121 7.0510614 7.2916029 6.6688616 6.7961112 7.4805423 7.7305815 6.9113739 6.9170686 7.0302966 7.6486272 7.3627913 6.1058061 6.6459182 5.7876141 6.3847087 6.0389215 5.6257456 
HPHV_Bamboo_rat_hepacivirus_OM451124_E2_367-619_AlphaFold.pdb                             2.7627248 0.0000000 0.0552075 2.0010588 2.1807343 3.5900306 3.7554398 3.4590523 3.6025879 2.1274643 4.5975461 2.9687502 4.0479535 3.9131283 0.7417698 4.8108597 4.6731863 1.9707126 4.4097518 0.7988996 0.8122089 0.8177923 0.8152024 0.7875437 1.9425210 8.9999985 3.2865754 1.6439182 2.9737486 2.3362283 2.0700506 1.2454285 3.7883953 4.0391009 3.1454118 1.3222469 4.4814689 4.3766374 4.0901399 4.1209656 4.4829732 4.0908964 3.8958655 1.6129283 1.9651084 3.9121925 1.3882580 1.4051067 1.7972422 4.4941310 4.4045001 3.4521878 3.3517974 4.0673417 3.9760070 1.1495775 1.3110226 1.3666935 1.9160056 4.2095078 0.0543145 1.3751293 0.1013000 1.0981411 7.2190992 6.0277368 1.2150625 6.1138459 6.3685705 1.4101435 0.7107212 7.1131257 1.1990014 1.1173727 1.1488607 6.0692288 5.8869821 6.0379742 1.1645071 6.2136037 0.7453953 1.3411699 4.9125779 0.8774971 1.6015132 1.4873931 1.8713777 3.5758046 4.3545731 1.6781273 1.6755173 5.6266003 3.6386510 1.3312084 1.3342349 1.9967498 0.7407679 0.7766221 3.9364315 4.8879522 8.9999985 4.6374584 4.8073510 3.8216723 4.4217354 4.2807952 3.9976151 4.7262452 4.2417430 3.8063401 4.3413102 3.9161737 5.9225624 4.1729034 4.7913832 4.6032249 4.7445593 4.2095060 4.1145710 4.1024865 3.8866849 4.1807838 3.9545324 3.8477054 3.9566245 4.0775380 3.8518703 4.0695873 4.0695873 4.4280911 4.0025028 4.0954160 4.0421848 4.1553289 3.9774780 3.9864731 3.8160769 4.2839237 4.1555789 4.2149230 4.5264105 4.2730168 4.2530426 4.2833491 4.3939204 4.5447530 4.8315803 3.9227303 4.3810928 4.8703236 4.7010220 4.6457739 4.4427497 4.4999592 4.8929017 9.0000000 5.3580832 5.5458541 5.8014426 6.1276857 5.8551187 5.7646588 5.0271680 6.8944218 3.6811002 5.2425395 5.7914119 5.9157143 5.8160384 6.4178821 5.8026241 5.9029761 5.6640223 6.3969785 6.7124304 5.5887875 5.7099759 5.4062083 5.1433545 5.0234242 5.4109975 6.5482879 5.5743735 5.6826323 5.9982802 5.3431262 5.7652843 5.4269977 4.2691167 
HPHV_Bamboo_rat_hepacivirus_OM480528_E2_358-622_AlphaFold.pdb                             2.9908371 0.0552075 0.0000000 2.0242407 2.2617985 3.5743867 3.8423119 3.8857398 3.7988356 2.1288769 4.9009223 3.0791960 4.3367159 4.0586848 0.8161322 4.8775879 5.1738922 1.9088195 4.5722293 0.8571347 0.8802863 0.8860075 0.8902338 0.8451634 1.9922412 8.9999988 3.3187007 1.7265926 3.0208338 2.4979845 2.2381902 1.3063974 3.8183774 4.3035568 3.1873482 1.3691266 4.4928294 4.4349634 4.2573945 4.2776594 4.6049765 4.3026975 4.1057445 1.7441840 1.9905741 4.1803222 1.3833972 1.4212797 1.8281534 4.6318390 4.5314106 3.5131017 3.3018474 4.3276374 4.2343100 1.1500057 1.3665500 1.5198490 2.0360688 4.3319573 0.0553847 1.4237548 0.0880047 1.1759186 7.0361631 5.8423563 1.2500188 5.9758658 6.0231129 1.3911063 0.7653449 6.7002336 1.1906853 1.1570746 1.2118255 5.8671707 5.4733053 5.8544202 1.2281494 5.9338908 0.7958140 1.3877748 4.7815317 0.9633480 1.5710183 1.5723765 1.8949641 3.5879340 4.5942888 1.6979209 1.7144084 5.4427287 3.8071031 1.3438165 1.3842674 2.1362112 0.8139444 0.8913561 4.1307605 4.9123054 8.8227977 4.5912791 4.9215716 4.0625979 4.4794547 4.2084900 4.2056074 4.3294143 4.4942378 4.1955581 4.6312905 4.1672144 5.9263548 4.2679851 5.2812220 4.4950740 5.0952747 4.3548916 4.2818764 4.2502131 4.1571139 4.4476321 4.2263988 4.0676406 4.2114985 3.9045572 3.9008138 4.3136364 4.3136364 4.3822097 4.3245276 4.2537981 4.4563362 4.2955763 4.2404463 4.1809017 3.9391395 4.2312199 4.3217369 4.3521486 4.4737195 4.0602886 4.1817301 4.2965459 4.7229673 5.0345039 5.1651235 4.1193628 4.6556560 4.7248882 4.6874583 4.6122793 4.6284131 4.6227640 5.1817032 8.9999983 5.0830822 5.3141456 5.9625246 6.3054715 6.3305581 6.0988106 5.1778695 7.0192693 3.7717661 5.3625241 5.5309948 5.6734844 5.8379842 6.1631025 5.7544416 6.3731186 5.6152893 6.9730296 7.1191390 5.6823908 5.9928938 5.6194335 5.5901296 5.2041729 5.5729241 6.8139151 5.3719410 5.7184581 6.3667410 5.4494810 6.2151544 5.1240477 4.4904553 
HPHV_Bat_hepacivirus_BK013349_E2_357-614_AlphaFold.pdb                                    4.0949905 2.0010588 2.0242407 0.0000000 1.8447905 3.6961038 3.6106983 3.4082569 3.6685394 2.2355030 5.2587382 3.0851676 3.6144918 5.2496948 1.7761450 6.1019260 5.4623051 2.1315491 5.2986414 2.0374750 2.0156852 2.0042158 2.0178348 2.0433318 1.8805506 8.9999989 2.9666843 1.6058754 2.9067665 2.3305330 2.0477611 1.7629621 4.6556980 3.4864476 3.5067850 1.9280109 3.4660039 3.4039194 3.6000346 3.3330582 3.5527633 3.4549834 3.4553981 1.1906041 1.8088975 4.5117929 1.8340998 1.8853071 1.6549709 3.6519353 3.4758991 3.1257284 3.3290747 3.5316553 3.4557475 1.6215715 1.9754642 1.8655950 2.3589477 3.4046040 1.9530326 1.9150269 2.0585020 2.0024007 5.1466898 5.2194096 1.5597353 5.2757782 5.7287639 1.9219976 2.0483846 5.1422846 1.5048618 1.8708382 1.5692334 5.7501946 6.2465657 5.3361679 1.5472162 5.5023825 1.8713325 1.9197001 5.0499684 1.8250845 2.0971512 2.0465312 1.8783644 3.9575404 4.4764086 1.8368026 1.8753047 5.7374426 3.2802425 1.8699574 1.9004129 1.7357098 1.7732079 2.0390568 3.5920042 7.4169929 8.6709298 5.0121102 5.0674642 4.1878726 4.4088958 5.3286332 4.8109170 4.8680891 4.7755037 4.3698008 4.5587846 5.0653076 5.5776443 5.1877767 6.8916267 4.4347520 5.5416293 4.3089426 5.3531919 4.2481985 4.5515690 4.5288531 4.4761395 4.5438041 4.4012055 3.8009731 4.5600740 4.8409638 4.8409638 4.9790689 4.4452764 4.9556209 4.7731743 5.0722028 4.5364582 4.4812149 4.6416661 5.0717606 5.0115649 4.6157183 4.9016577 5.1412152 4.8858016 5.6535917 4.6833219 4.6783335 4.7010401 4.5456876 4.6537029 5.1073285 5.7972513 5.7273122 4.7457081 4.8193465 5.1425633 8.9999988 4.3833724 4.4074245 8.1395182 6.1393377 7.2259904 6.5888541 6.6418878 6.0612600 4.9608515 6.0304585 5.8095249 6.0238855 5.6396410 6.2966514 6.4393920 5.5259991 5.3342475 5.6465487 6.4659749 6.3298841 6.6937718 6.6783463 6.7092827 6.3729409 6.3202818 6.0319445 5.3599905 6.1054952 4.8240438 5.1330790 7.0451268 5.9051601 4.6102190 
HPHV_Bat_hepacivirus_TA166TZA2013_E2_328-576_AlphaFold.pdb                                3.0810158 2.1807343 2.2617985 1.8447905 0.0000000 3.7984055 3.1369935 2.9753394 3.4189958 2.5493985 5.5937707 3.7983152 3.3034481 4.6930948 1.9973424 5.3075370 4.6295424 2.6798366 5.3057776 2.0014063 1.9957001 1.9753866 1.9649665 2.0058759 2.0084080 8.9999989 3.1412846 2.4052960 2.9859902 2.6784219 2.4173380 1.8835679 5.1739108 3.4194299 3.3174432 2.0340501 3.6031852 3.7155138 3.7524611 3.6278113 3.5829524 3.5781197 3.5388275 1.9712672 2.5608010 3.8806941 2.0263797 2.0120406 2.2427877 3.5965523 3.3963435 3.6038209 3.8402124 3.2823041 3.2720665 1.8150656 2.0724500 1.9603094 2.5537852 3.5359644 2.2250483 2.2931061 2.2203206 2.1345400 4.4726967 4.1121030 1.8518747 4.1582670 4.1659312 1.8424368 1.9742059 4.4605784 1.7934378 2.2030549 1.8274519 4.2014154 4.7640211 4.2714691 1.8288887 4.2379066 2.1474926 2.0512612 4.1891019 2.0119567 2.2825351 2.3545470 2.1083518 4.6431589 4.1448302 2.1375443 2.1036614 6.9939041 3.3007732 2.0044306 1.9621361 2.1373555 1.8761916 2.1013539 3.6413003 8.0747136 8.8402332 4.5712632 5.3292945 4.2373407 4.4793313 4.1230470 4.7671289 4.5306383 4.7739518 4.7411996 4.4840898 4.2499718 5.4157833 5.1953059 5.5783585 4.7398034 5.1334550 4.4648284 4.2631802 5.4347052 4.9176936 5.2411632 4.7479625 4.8007198 4.7452260 3.9902652 4.3754725 4.8631454 4.8631454 4.3931442 5.3162724 4.1205707 4.2845021 4.4762240 5.0073140 4.7605334 4.6682964 4.7465030 4.6966091 4.7075128 5.5765116 5.1817069 5.0703292 5.1174021 4.5703238 5.1226600 4.8594429 4.0582173 4.6526866 4.7332533 5.1934241 5.1566544 4.8416704 4.7860608 5.7139621 8.9999982 5.0266885 5.8200528 6.0818658 6.1187471 7.1976013 6.8172714 5.2709466 5.7998080 4.3814202 6.7998041 6.7016827 6.8566081 5.8575898 6.2279588 6.3872886 6.0518086 6.4703397 5.9871398 6.2337443 5.7595564 6.6883622 6.0232832 5.6476729 5.5077344 5.6116862 7.1843016 7.3332493 6.1820835 6.2482158 6.2434265 5.8491604 6.7772480 6.8358566 
HPHV_Catfish_hepacivirus_E2_552-803_AlphaFold.pdb                                         3.0033298 3.5900306 3.5743867 3.6961038 3.7984055 0.0000000 1.6344806 2.7113393 2.9128247 3.7923677 2.3587574 3.0698944 3.4399814 4.3779027 3.4931072 3.9397545 2.9045602 3.5036767 3.9898798 3.6398957 3.5895004 3.5833049 3.5799418 3.5854711 4.2146131 8.9999986 3.2824664 4.2671911 2.8727706 3.6435499 3.8223201 3.7798215 4.0085646 3.3923303 2.6464800 3.5594392 3.5371788 3.5920023 3.3900697 3.5202953 3.4038699 3.2076457 3.3236990 3.9891642 4.2388704 3.7964080 3.9947962 4.0809298 3.9725659 3.4240149 3.4448354 1.6970600 1.7587801 3.3370029 3.3971881 3.2360165 4.1383832 4.4371258 3.9032217 3.3373924 3.7456546 3.8313012 3.4665613 4.2208272 5.1535900 4.5406174 4.0081501 4.7906050 4.4323794 3.5924408 3.7038828 4.9864119 3.9324131 4.6502410 3.8809859 4.5109568 4.7210193 4.5949799 3.9230898 4.5632134 3.4358383 4.1692349 6.0102367 3.8915573 3.6630410 3.7138991 4.2240379 3.3212603 2.1914044 3.6005216 3.5351177 4.0698318 1.9723096 3.9265201 4.0473748 3.6806506 3.3637410 4.4196444 2.1270988 2.9306555 8.9999983 3.9831176 5.2759718 4.1445397 3.4642805 4.5783126 4.1857558 3.9195835 3.6204187 3.6734319 3.5371584 4.0262702 5.3267153 4.5601504 4.7660691 3.2738672 4.5545686 4.6155295 4.6150738 3.5257871 4.2810890 4.1942111 4.0982690 4.1792692 4.0969887 4.0725609 3.5553432 4.8142805 4.8142805 4.3968246 3.6252857 4.5694772 3.4549483 3.5751424 4.1274933 4.0416306 3.3247899 4.8341947 4.1810473 3.2151518 5.1729654 4.7593791 4.7363440 5.2198512 3.8993932 3.8269429 3.7358013 3.9256182 3.6961489 4.3627562 5.3722231 5.4805589 4.4396592 4.4674376 5.4671630 8.0113593 6.9334948 6.2580378 8.9999981 8.4854525 9.0000000 8.9999981 8.8489178 6.8840288 6.0698806 8.9999986 8.9999983 6.8252722 6.7120400 8.6061330 7.6355081 7.2506289 6.9177230 7.5938686 6.8268832 8.2732244 8.9999988 8.9999988 8.9999983 8.9999985 8.6490418 8.9999986 8.9999982 7.1160116 6.4292343 6.0028854 8.9999987 8.9999980 6.8705295 
HPHV_Chaetodon_aureofaciatus_hepacivirus_isolate_F25_E2_475-626_AlphaFold.pdb             2.3953358 3.7554398 3.8423119 3.6106983 3.1369935 1.6344806 0.0000000 2.1319874 2.2168853 4.3296037 1.4458705 2.5978993 4.1820820 3.3626973 3.0621803 3.6378880 2.3175494 3.8015063 4.1259308 3.1073763 3.0976150 3.1073763 3.1073763 3.1073763 3.8000098 7.6104409 3.1146087 3.0678062 2.7360472 3.9641173 3.3259070 3.3775332 4.4300319 3.8951323 3.0155788 3.5529948 3.1121546 3.1315715 3.1308672 3.4818150 3.1809199 3.3378330 2.9754141 3.2283042 3.7715170 2.6154704 3.9188107 3.9188107 3.6632470 3.0576899 3.0417127 2.0006249 1.9010334 4.0703817 4.1280069 3.4346898 3.7080603 3.7579631 3.5671883 3.2489782 3.8453300 3.3656627 3.7319372 3.4428250 4.9006799 4.5596087 2.8592935 4.6706854 4.9959910 4.0169845 3.5714984 5.3670969 2.9692924 3.8689333 2.9626120 4.8291201 4.3221557 4.7276796 2.9747305 5.2414497 3.2713443 3.7155804 3.4717588 3.1621874 3.7000674 3.8584660 3.9544786 3.2158076 1.8407039 3.5125342 3.5471622 4.1470993 2.1736238 3.8760496 3.9353968 3.2859614 3.2149884 3.7547815 2.9189143 3.0637125 5.5022084 3.7717004 4.2260055 3.1625555 3.8893411 3.8730682 2.8427003 3.9521022 3.0067004 3.1135721 3.3822010 3.7509625 4.2129619 3.5253975 3.8094480 3.3009092 4.4034184 3.3064531 4.0311994 3.2083413 3.4613992 3.4084714 3.1540279 3.1618788 3.1540279 3.8256449 4.0017690 3.5807767 3.5807767 3.4055967 3.5017481 4.4551434 3.4825530 3.8586890 3.3263789 3.1437189 3.0305405 4.4512186 4.2916736 2.9798588 4.1354732 3.1647339 3.3214684 3.5866995 3.2868482 3.1550504 3.2237739 3.7811884 3.0515532 3.7474816 3.5115534 3.6354830 3.7661905 3.7661905 4.0880395 8.1576624 4.3746269 4.2872373 6.2419422 5.4437691 6.1046614 5.3616279 5.6390602 7.7217265 6.4091574 5.6540152 6.7899610 4.7705541 5.5669846 6.3727239 8.8691643 6.2920567 6.1692172 6.7210623 6.9663874 6.0957736 6.7245278 6.9788297 6.5041079 5.4959055 5.9466896 5.3987143 5.1373962 6.1326722 4.5681335 5.0255149 6.6807509 5.7479259 4.9272296 
HPHV_Chinese_broad-headed_pond_turtle_hepacivirus_E2_495-722_AlphaFold.pdb                2.9054142 3.4590523 3.8857398 3.4082569 2.9753394 2.7113393 2.1319874 0.0000000 1.0244646 3.5293460 3.4307191 2.6067945 3.1600805 4.5103071 3.3062039 4.0189145 2.6872892 3.7288753 4.5607368 3.7018655 3.6946709 3.7204662 3.7159970 3.6757204 2.8856545 8.5008015 3.3267026 3.9613427 2.9361689 3.5101710 3.7871284 3.8639121 3.8915431 3.0982196 2.2855252 3.2661790 3.0926936 3.2356670 2.9176771 2.9406975 3.0046888 2.8853535 2.9267951 3.5129492 3.8866211 3.6397320 3.8189359 3.9147209 3.8372881 3.1662507 3.0636900 2.0213175 1.7490535 3.2661720 3.1511402 3.7959051 4.2910780 3.7203151 3.1190987 2.9381560 3.7400054 3.9518717 3.7478326 3.9075041 4.4693357 4.0697797 3.9621929 4.3385251 4.0807328 3.5707137 3.4433436 4.1488494 3.9657505 3.5682392 4.0808719 4.2983133 4.0864700 4.4659347 4.0119908 4.4080632 2.9404588 4.3373731 4.4575283 3.6957084 3.7453235 3.8228122 3.4316942 3.7728639 2.5443314 3.6111828 3.5691208 4.5842970 2.4989010 3.7792430 4.1117223 3.2480826 2.9727649 3.4300908 2.8568430 4.0045915 8.9999984 3.3984419 5.0304178 3.3959869 3.6091385 3.9721870 3.3297466 3.7597210 3.5903646 3.6716935 3.5836060 3.8022426 4.7888286 4.5221798 5.0336045 3.3132564 4.0940121 4.0629833 3.7152758 3.6119410 3.4716385 3.4376942 3.4032533 3.4904772 3.4368847 3.9266757 3.9629155 4.5441736 4.5441736 4.4305622 3.6709149 3.8449931 3.6460492 4.0118434 3.3917499 3.4113775 3.4269085 4.2504091 4.0468064 3.2954919 4.7569003 4.1126604 4.2551704 4.2990122 3.5175735 3.1605323 3.3561561 3.0793047 3.5949714 4.5367488 4.4063519 4.3419635 4.2016157 4.2906989 4.7289648 8.0978757 7.8142578 5.6166154 6.2698340 5.6106076 6.4535334 8.6056878 6.4196430 8.1890022 5.3480114 7.0207355 7.7266777 8.4575911 7.2521077 8.5416536 8.6301938 6.8503279 7.5749184 8.0460940 8.0717352 6.4897232 6.2876084 6.4911543 5.8126379 6.0310194 6.2926914 5.7155517 8.0336058 6.4157461 5.3188311 8.1804281 7.2155832 6.3115904 6.6521979 
HPHV_Chinese_softshell_turtle_hepacivirus_E2_501-725_AlphaFold.pdb                        2.6352620 3.6025879 3.7988356 3.6685394 3.4189958 2.9128247 2.2168853 1.0244646 0.0000000 3.0226988 3.1371630 2.5101054 3.4714618 3.5234767 3.3646875 2.9977909 3.1943724 2.9020032 4.2211194 3.6758039 3.6248231 3.6678519 3.6024400 3.6856266 3.0850711 8.9999982 3.0644405 3.9409540 2.8694588 3.2526761 3.0694953 4.0451383 4.5257517 3.3919750 2.4490098 3.8901416 3.1490670 3.1590251 3.0445384 2.9391174 3.0091908 3.1674193 3.0654665 3.2415347 4.2340789 3.2793082 3.6745578 3.7847151 3.7965043 3.2987935 3.1257665 2.1671156 1.9148972 3.4015847 3.4943909 3.7178217 3.6094756 3.2402156 3.6355556 3.0081575 3.7770592 3.7709646 3.5803045 3.4776847 4.4451097 4.1962361 3.7986232 4.1146268 3.9431600 3.1002509 3.2649113 4.5839102 3.6976416 3.5246479 3.7687706 4.1547834 4.3723668 4.1534453 3.8111804 4.2185011 3.2148371 3.6999172 4.0239940 3.4367258 3.3492469 3.3646198 3.1398991 3.3389380 2.8113877 3.4805183 3.3568722 4.4304680 2.4554928 3.5769875 3.8615030 3.1883306 3.2629248 3.5178596 3.0497756 4.8250774 8.2022731 3.8059621 4.6649842 3.5029805 3.9856751 4.0489908 3.8378211 3.7461234 3.3504265 3.6134214 3.9151382 3.5032771 4.7434419 4.9012961 5.0241011 3.3385374 4.8575666 2.9225030 3.5180913 3.5657731 3.6191052 3.8850569 3.8072275 3.8570872 3.7467281 3.4180644 3.5169629 4.8938245 4.8938245 4.0681424 3.8387696 3.9330163 3.8167413 3.6649244 3.7392429 3.7248158 3.8923324 4.0915375 4.3830138 3.3674342 4.4938703 4.5388044 4.7006678 5.0266484 3.4846407 3.3502741 3.4051399 3.3194803 3.6116726 4.7854746 4.9217385 4.8298858 4.5965452 4.5329837 4.8178306 8.9999989 6.7011786 5.9148788 5.2345210 5.2763725 5.5432376 5.8660745 5.0918573 6.6796679 5.9820370 6.5700373 6.4614844 6.0329679 5.9857817 6.5645665 6.4658118 5.6190144 6.3637172 7.2467834 5.8717502 4.9388197 5.2099670 5.0252432 5.0140382 5.6321915 5.1443159 5.5590172 6.2063524 5.4763932 5.3223629 5.4791975 5.2323098 5.5595296 5.9318987 
HPHV_Crab_eating_macaque_hepacivirus_E2_395-642_AlphaFold.pdb                             3.8674394 2.1274643 2.1288769 2.2355030 2.5493985 3.7923677 4.3296037 3.5293460 3.0226988 0.0000000 4.5886687 3.5851560 2.6180994 4.0228400 1.8557971 5.8915364 4.2942159 0.3395165 4.6430136 2.0284328 2.0173373 2.0240994 2.0122992 2.0131594 2.0477492 8.9999989 2.6515415 2.0099565 2.5593059 2.1695539 2.2401310 2.3964855 4.0760988 2.6731445 3.3859806 1.8623831 2.9451836 3.2362269 3.0308057 2.6396121 3.2519832 3.0101436 3.1819523 1.7889676 2.0241620 3.4819609 2.1135270 2.1303231 1.9637637 3.2075429 3.1115016 3.4845182 3.2511476 2.6820555 2.6686756 1.9902456 2.1480666 2.0910571 2.5465175 3.2226332 2.0678611 1.9202122 2.2083789 2.1459041 4.4461446 4.2652622 2.2275296 4.4500942 4.4203455 2.1973540 1.8917330 4.3701822 2.1129287 2.3215416 2.2441599 4.4597657 4.8887073 4.2389423 2.2007597 4.4598934 1.8487887 2.1533798 4.7869243 2.0287026 2.0950408 2.1690337 2.3917263 4.7571309 4.1593535 2.4613928 2.3449403 5.8294100 3.4867764 2.1083384 2.1218168 2.1836487 1.9204468 2.0656650 3.3048157 7.2548133 8.9999986 5.0856388 4.4031115 4.4945616 4.8594112 5.1867989 5.0284596 4.8611898 4.2584465 3.9099034 4.6601642 3.9507487 4.5159484 4.5796603 5.7437973 3.8161645 5.1287195 3.9432834 4.7336379 4.5725651 4.9450992 5.3848902 4.8470004 5.0090864 4.8333469 4.1913292 3.9384419 4.2788046 4.2788046 4.3803512 4.6738590 4.5371741 4.7266906 4.0090415 4.8182764 4.8827071 4.0185114 4.6791756 4.6845830 3.9310561 4.1712630 4.7798503 4.7704860 4.4466236 4.3711200 5.1252919 4.5303774 4.1635717 4.9797275 5.5842215 4.7441940 4.7809906 4.2185928 4.2669292 4.8885776 8.9999990 4.6333243 5.1128459 6.1673361 6.1188404 6.6658175 6.0975620 4.9953726 5.9887631 7.7753913 5.7629692 5.4372533 5.9815212 5.8652699 6.1660990 6.3549811 5.3251013 5.5744314 5.8942820 5.9058965 5.1808386 6.2549379 6.4801776 5.4864596 5.5670472 5.4380906 5.6281951 6.4003593 5.6351769 5.5537712 5.5644194 5.7118215 6.4224646 6.9436203 
HPHV_Cyprichromis_hepacivirus_E2_337-528_AlphaFold.pdb                                    2.6119680 4.5975461 4.9009223 5.2587382 5.5937707 2.3587574 1.4458705 3.4307191 3.1371630 4.5886687 0.0000000 3.5437195 4.8057325 4.4636385 4.0470326 5.1677274 3.2088148 3.9071059 4.7587455 4.6916446 4.7074824 4.6807759 4.6807759 4.6597936 5.1943963 8.9999986 4.6926560 4.4392682 3.9123509 3.9475715 3.9400039 5.4650959 4.5496796 4.9477828 2.9537843 4.5364312 4.2553924 4.2919538 4.0533777 4.2369355 3.5101975 4.2242201 3.8092503 4.3893683 5.0175438 3.5627100 5.0714758 5.0758737 4.1843896 4.2514011 4.1876039 2.1969332 2.1974699 4.8121607 4.8766421 4.6505299 4.8719590 4.9546565 4.6191351 3.6290692 4.8294471 4.6445609 4.7114005 5.0133680 5.2962551 5.1613138 3.5413440 5.4788085 4.9145965 5.5184678 4.4879335 5.7646679 3.5634623 5.0160975 3.6304061 4.9346458 4.9244379 4.7895557 3.5708023 4.9506198 4.5800987 4.9087658 4.4308517 4.5420286 4.9953485 5.4723411 5.7078483 3.2541954 2.7162771 4.0382436 4.0924357 4.4830774 2.6117823 5.2361776 5.3244466 4.3190727 5.0083580 4.9703753 2.4641723 3.3097281 5.5894030 4.5563190 4.9524881 4.1065253 4.4583146 4.9997289 4.3312527 4.7730577 4.1356770 4.0615634 4.1504220 4.7793324 4.7191271 4.4785345 4.9046203 4.8274139 5.8939965 4.6484349 4.0951157 4.3308934 4.9455409 4.6252199 4.5436730 4.6286843 4.5436730 4.7784291 4.2051669 4.2824945 4.2824945 5.2352841 4.6151217 4.4876025 4.2964675 4.4566768 4.8015077 4.5094839 3.9144741 5.3400931 4.2047674 4.2243828 4.5005209 4.3322203 4.4526196 4.0039250 3.9067963 3.9979390 4.2563809 4.4015309 3.6661219 4.0817892 4.4910369 4.5595725 4.2779147 4.2779147 4.0080102 8.9999981 5.0691647 4.3559347 6.5667940 6.7012420 7.1840489 6.5256981 5.8084097 5.0440270 4.1323846 5.4154563 7.2800254 4.9663136 4.9480698 5.0687676 5.7572295 5.1436721 4.7195633 5.2602797 5.1520413 6.5255221 6.6820645 5.6868746 7.1686173 5.8339202 6.7083194 4.8773024 6.5844303 5.8252468 5.4628710 5.1016993 6.4273868 7.1426613 5.1885804 
HPHV_Duck_hepacivirus_HCL-1_E2_483-754_AlphaFold.pdb                                      1.8291541 2.9687502 3.0791960 3.0851676 3.7983152 3.0698944 2.5978993 2.6067945 2.5101054 3.5851560 3.5437195 0.0000000 4.8573144 3.7357141 3.0104480 3.9799178 3.7663745 3.3263638 3.9688921 3.0495264 3.0493091 3.0040896 2.9775839 3.0119944 3.3125031 9.0000000 4.2568149 2.9572736 4.4871333 3.4621289 3.1984959 2.9510946 2.4188853 4.9591345 2.3514565 3.2728541 4.6957388 4.5313654 4.6485243 4.5447412 5.0720327 4.2771328 4.5270138 3.4272436 3.2701978 2.5309596 3.1391469 3.1916020 3.2525438 4.8961253 4.6234511 2.8002354 3.0149131 4.7442176 4.9714253 2.8252561 3.1832755 3.5979026 3.3961730 4.7282823 3.2429556 4.0454154 3.1352441 3.3406161 4.8201339 4.8928632 2.8888131 5.0689297 4.8098646 3.6270321 3.2434490 4.9709427 2.8266464 3.2520171 2.8812057 4.7605957 4.9427571 5.1146217 2.8209865 4.7118331 3.3175404 3.0777277 4.8073756 3.4523297 2.9852708 3.1091810 2.9553631 2.7839978 3.1354208 3.1373875 3.1144762 5.1800806 3.0140809 3.0773467 3.1906701 3.4364254 3.2270471 3.2023583 2.8946383 4.6105394 7.5025624 2.9548627 4.0310002 3.2813284 3.1327783 3.4465483 3.2141483 2.8446098 3.1059706 2.5945969 3.3497819 3.3959647 4.1219414 3.8920558 4.9678545 3.5915717 3.3629016 3.2552559 3.6363428 3.3991178 3.4145792 3.4206647 3.3597141 3.3714891 3.3335987 3.2481062 3.1285859 3.9559575 3.9559575 3.3619134 3.4586700 3.3362639 3.4889000 3.0623211 3.4027611 3.2824462 2.9113700 4.0974639 4.2636513 2.9861922 3.8437592 3.8548299 3.6843538 3.7692055 3.3464741 3.6521017 3.6121895 3.5552903 3.5070332 3.5487431 4.3495385 4.2566545 3.6093713 3.7971461 4.4228723 7.0668996 6.4229933 7.0972580 8.8640144 8.9999985 8.0828425 8.9999987 8.9999984 8.9999984 4.8269478 6.8642248 8.9999982 8.2327149 8.8879578 8.9999988 8.9442304 8.9999986 7.5075823 8.9999985 8.1047525 8.9999983 8.9999988 8.9999989 8.9999987 8.9999982 8.9999988 8.9999984 8.5516741 7.6066365 7.2943327 6.9386861 8.9999989 8.9101724 6.9411608 
HPHV_Equine_hepacivirus_E2_392-724_AlphaFold.pdb                                          4.0113955 4.0479535 4.3367159 3.6144918 3.3034481 3.4399814 4.1820820 3.1600805 3.4714618 2.6180994 4.8057325 4.8573144 0.0000000 5.0112403 3.4848562 5.8150479 4.3347708 2.4858047 4.3556733 3.2118631 3.2317198 3.2463288 3.2062302 3.2548005 3.1960753 8.9999987 2.2418463 3.4000241 2.0068064 3.4676007 3.6455754 3.7279340 5.7559192 0.0669120 2.9682171 3.6203551 1.2503536 1.2107022 1.2765817 1.2402361 1.3161104 1.1733315 1.1740232 3.9877681 2.8909037 5.4180529 3.1436434 3.1690788 3.1838124 1.1978375 1.1597016 3.0069135 2.9833037 0.0846609 0.0500198 3.8888322 3.5317127 2.9841488 3.2625240 1.2650017 4.1846068 3.7388999 4.0992160 3.6391931 4.4351534 4.4008809 3.4542290 4.7228979 4.7765928 3.4972381 3.4573328 4.6395699 3.2873270 3.1896121 3.4330232 4.7654263 5.1030004 4.4694215 3.4440141 4.6709126 3.1881639 3.4977670 4.6307534 3.7005545 3.3120158 3.3610270 3.5999450 4.4846246 3.9259756 3.2330608 3.1662895 5.3983366 3.4097765 2.9442655 3.1339387 3.2429016 3.5530329 3.4782793 3.6539469 4.7330616 8.9999988 4.7388466 6.5073799 4.7805838 4.8000759 6.0032061 5.1148048 5.0830928 5.0914223 5.2003979 4.7048391 4.8771046 6.7666864 5.9122040 4.9051375 4.9632759 5.9024261 4.7876571 6.2721275 4.7364463 4.0424607 4.3537956 4.1744851 4.3091750 4.2018109 6.0827903 4.6567519 5.2072356 5.2072356 6.4275181 4.4630849 5.6656530 4.4315333 4.1660407 4.2022577 4.1595392 4.4662391 5.9662022 5.2669980 4.4752332 6.6071313 5.3832884 5.2100691 6.3156326 5.0975338 5.3142339 4.8113837 4.7337286 4.7674586 5.4733233 6.7149356 6.5938419 5.9377612 6.0647445 6.5201678 8.9999980 7.3271377 8.2154494 6.3814332 5.7156818 5.8609057 5.4608533 5.6447058 6.5823850 6.4747569 8.9999982 7.6727880 6.5909635 6.2924847 7.5358941 7.0711406 5.9522279 6.5228695 6.5345075 6.3317308 6.1255121 6.4139003 6.1310685 5.7958357 6.3532553 6.4881042 7.7195840 6.7769755 5.6170332 5.2039841 6.2786183 6.0058503 6.9458036 7.5770012 
HPHV_Gecko_hepacivirus_E2_504-775_AlphaFold.pdb                                           3.8265490 3.9131283 4.0586848 5.2496948 4.6930948 4.3779027 3.3626973 4.5103071 3.5234767 4.0228400 4.4636385 3.7357141 5.0112403 0.0000000 4.9985926 1.8493669 5.2364454 4.1825843 1.2152935 5.1126543 5.0232407 5.0988947 4.9911912 4.9415551 4.1684254 8.5222098 5.3861377 4.4886148 4.4327183 4.4020124 4.4269458 4.9229373 3.6699228 5.3076585 3.2148260 5.1274824 4.7800876 4.5871201 4.9150450 5.1020507 4.7543947 4.6476367 4.7375606 4.7291166 6.1191929 4.9279114 4.5256976 4.7361771 5.0938924 4.6515308 4.9231958 3.6424030 3.4253310 5.3835908 5.0828740 4.5881242 4.4051433 4.5283854 4.3234703 4.7146818 4.1549480 4.1964875 4.1030848 4.4594035 5.1505411 4.4377057 5.0295001 4.3134833 4.5303565 4.4009669 4.5647508 4.6029637 5.0435019 4.3052315 4.9127248 4.5153339 4.7502386 4.3825946 4.9274777 4.4651106 4.4489215 4.5046972 4.8698903 4.9316695 4.6641919 5.0654122 4.5799975 3.5032348 4.7297717 3.7852604 3.6838363 5.8114141 4.3604243 4.2227389 4.5479686 4.0325184 4.2858945 4.5185537 6.8748202 8.4886028 4.0040467 5.7359926 8.0627977 6.9029347 5.4081969 6.8129537 7.3156147 5.5157472 6.2522085 5.4514933 7.8026665 7.6801234 7.7070117 7.4423580 5.8379142 6.6745643 6.6164618 5.2783965 5.8978704 8.9999988 7.6190468 7.3847207 7.4369473 7.5778054 7.2832808 5.2664849 5.6132530 7.2536792 7.2536792 5.8053943 8.7790505 5.7951830 8.1899005 4.9203568 8.1245957 7.3855139 5.5028169 7.7794081 8.0946786 5.6847812 8.8855743 8.1453730 7.0997126 7.6502283 7.0146089 7.3201350 6.9931173 5.9053046 7.8055488 6.7124387 6.9354101 6.7372897 8.0075552 8.2427364 7.5264552 8.9999983 4.4347486 4.6192238 8.9999988 7.7131643 8.5005693 8.6851990 7.0357704 8.9999987 7.7380162 7.2696198 8.9999982 7.5746738 8.9999981 8.9999988 8.9999988 8.9151882 8.8044330 8.8113668 8.8379451 8.9999984 8.0896101 8.7641548 8.9999987 8.1829956 9.0000000 8.4273654 8.9999982 7.9915963 8.9999987 7.5333721 7.3413124 8.9999982 4.1036141 
HPHV_Gerbil_hepacivirus_E2_407-679_AlphaFold.pdb                                          2.9263035 0.7417698 0.8161322 1.7761450 1.9973424 3.4931072 3.0621803 3.3062039 3.3646875 1.8557971 4.0470326 3.0104480 3.4848562 4.9985926 0.0000000 5.3335352 4.3597016 1.8512305 5.2361036 0.5873706 0.5841966 0.5929993 0.6219272 0.6151714 1.9274564 8.9999987 3.0714727 1.7646305 2.6955162 2.2777704 2.3011234 1.3588153 3.7211906 3.3996700 3.5763908 1.4005436 3.9354496 3.8896007 3.6988811 3.6404768 3.7175616 3.4809949 3.4738209 1.7866818 1.9589585 3.6603119 1.3935921 1.4132418 1.7922261 3.9359341 3.9873408 3.9299413 3.4608849 3.4620302 3.4123720 1.3017821 1.3464318 1.4294214 1.7596732 3.5613488 0.8398793 1.6050560 0.7754111 0.9508319 5.7668255 5.3648054 1.2397027 5.3711944 5.4353104 1.5487532 0.6813477 5.9017910 1.2226360 0.9858447 1.2908681 5.1557664 5.5175453 5.4711835 1.2717431 5.3368475 0.6118741 1.3820884 4.5110549 0.7141570 1.3610575 1.4500681 1.8722638 3.8534828 4.2049181 1.6815769 1.6789306 5.3326531 3.8991796 1.3225137 1.3837231 1.7902733 0.6541604 0.6418832 3.8916718 4.9251490 8.9999986 4.4491609 4.3080740 3.7302435 4.4579034 4.1771376 4.7327696 4.5070810 4.6420996 4.3157266 4.8414583 4.0384162 5.0178345 4.0490637 5.7626737 4.0240570 4.4172632 3.9966826 4.4395161 4.9133428 4.6879915 4.8087435 4.7038135 4.6524219 4.6737809 4.3410708 4.0590257 3.5732834 3.5732834 4.0203510 5.0747844 4.3543841 4.6964920 4.4917782 4.7747808 4.7027065 3.9709201 4.4192520 4.3768649 4.0458257 4.2850006 3.8485231 3.7258744 4.1603102 5.0212857 5.0499015 4.9490039 4.8060408 4.5570933 4.7697137 3.9963858 3.9448784 3.8297300 3.8599264 4.3959531 8.9999984 4.2611711 5.6141628 5.1852323 5.5983360 6.1488459 5.5013494 4.5569420 6.5537258 5.0750170 5.1777468 5.3595740 6.2729500 5.6404037 6.7601198 6.3455118 6.1315341 6.4141249 6.4921635 7.0592099 4.9615555 5.2194156 4.7053532 4.5254496 4.4944693 4.7290336 4.9193382 5.4603537 4.7741209 6.5536382 5.9150487 5.0150241 5.2377998 4.9509856 
HPHV_Guangxi_chinese_leopard_gecko_hepacivirus_E2_984-1226_AlphaFold.pdb                  3.9855629 4.8108597 4.8775879 6.1019260 5.3075370 3.9397545 3.6378880 4.0189145 2.9977909 5.8915364 5.1677274 3.9799178 5.8150479 1.8493669 5.3335352 0.0000000 4.6011815 5.4049694 1.9704045 5.0268209 4.9345437 4.9033192 4.7836275 4.8369287 4.5730827 8.9999986 5.4421109 4.0466847 4.9675300 5.5197399 4.9012873 4.5978411 4.3864953 5.7865397 3.4611995 5.2042801 5.4195701 5.9251424 5.4532792 5.3003463 5.6563601 5.5859214 5.7391846 4.9676571 5.7573331 4.6583854 5.1807229 5.2294630 4.3151649 5.7144578 6.2360453 4.5267269 4.0403954 5.5716969 5.7424091 4.8782692 5.0874348 5.1545774 4.3977949 5.1446748 5.2317109 4.8589825 4.8829143 4.2603485 4.6532012 5.1214011 4.7071322 5.2428054 4.6672926 4.5383671 4.6940168 4.9303362 4.5352076 5.3363420 4.5657967 4.8334783 4.2656724 5.2905121 4.6920475 5.0417686 5.7053331 5.0222751 4.6484981 6.5468185 4.6609951 4.6498562 4.1210999 4.6928030 3.9525192 3.4762079 3.4675769 5.9971314 3.9480383 4.7794589 5.0913945 5.8129518 5.0570583 5.5241286 7.7395941 8.9999981 4.5600094 5.6389693 8.4594549 7.0283921 5.4949188 7.5061673 6.4148228 5.1777375 6.9830647 7.4102403 7.6893385 7.9481620 7.6007013 7.5701504 6.3490341 7.1336861 6.5811023 5.3444362 5.5363326 7.6237400 6.1705335 6.4428078 6.9968747 6.4418925 6.8987905 6.3487356 6.2504666 8.1064577 8.1064577 5.8620778 8.7197278 5.1044269 7.4431484 6.1155248 7.0512968 6.7345395 7.2007957 7.5683741 7.2497688 6.0387969 8.6176035 8.9999986 8.4550866 7.5342149 6.6333400 5.8319497 6.1390810 6.5234145 8.3265828 7.7031090 7.4635341 7.1862321 7.5951332 7.8277850 8.9999986 9.0000000 5.5941250 4.7724412 5.3711403 6.3338589 6.9848111 6.8210521 5.6738183 7.0700451 8.6747908 5.5092029 8.3294969 7.1748989 7.1945168 6.1135377 6.4604211 6.8671813 6.6299459 6.8615019 6.6458720 5.5698686 6.2203216 6.3433649 5.8246175 5.1963148 5.4704348 7.5664491 6.0850711 6.7190956 6.9279645 6.8581494 5.3144853 6.5513401 5.0508042 
HPHV_Guangxi_houndshark_hepacivirus_E2_538-759_AlphaFold.pdb                              3.1195604 4.6731863 5.1738922 5.4623051 4.6295424 2.9045602 2.3175494 2.6872892 3.1943724 4.2942159 3.2088148 3.7663745 4.3347708 5.2364454 4.3597016 4.6011815 0.0000000 4.4879462 4.6146662 4.4833933 4.4976229 4.4749389 4.4626159 4.5160582 4.6326629 8.9999985 4.2563342 4.5937853 3.8331015 4.6720963 4.5965878 4.0551717 4.4234923 4.2633833 2.9483569 4.1454206 5.8803974 5.2364919 4.7711775 5.2435472 5.0627480 4.9885048 4.6996665 5.7408354 6.1685289 3.8460555 4.9891966 5.0151182 4.5483326 5.1510223 5.1914544 1.8343077 1.8339292 4.3963862 4.3200590 4.6619944 4.7173270 6.1187834 5.0001525 5.0934886 5.1094569 4.4659278 4.9869850 4.3921512 5.0861428 5.0533913 5.2752290 5.2122188 5.5372905 5.0567030 4.2207538 5.4342917 4.8561494 5.3179533 4.7988621 5.3468934 5.9213046 5.0282660 5.1228595 5.3037983 4.4759500 4.8172232 4.3928843 4.3687279 5.6849919 6.0263764 6.0074853 3.6573681 1.3102111 5.8720590 5.6780242 4.9259903 2.1220265 4.4541089 4.7419448 5.5745117 4.0111027 4.1453735 2.8278265 3.6070865 7.0339381 4.6385790 4.5036276 5.5842101 4.1656833 4.6460448 5.5184308 4.8945070 5.4013265 5.7765686 4.4944340 4.0926661 4.5876236 4.7964839 4.4914889 4.4410676 5.8203100 4.7575033 4.7601031 5.2774733 4.1392603 4.2618021 3.8936076 3.7959356 3.8908062 4.4941209 5.3932862 5.3619050 5.3619050 5.2339687 4.9644436 5.0823041 4.1529743 5.1067812 4.0714003 3.8142825 4.3525993 4.4777521 5.0782874 5.7801355 4.8320877 5.3578436 5.1565529 5.3057949 4.3257609 5.2713004 4.6144008 5.0594952 3.8722164 4.5367016 4.7783483 4.6651990 4.9197602 4.9887043 6.3996141 8.9999987 6.2491791 6.4284991 6.4390726 5.6800891 5.9373641 6.3189757 6.1815513 6.4067771 4.5290173 6.8058108 7.2370939 8.0307580 5.6900457 6.0546346 5.7760277 5.9394174 6.8052105 6.8587711 6.4506316 7.4862664 7.2499836 7.3311109 6.1318308 6.6970786 7.1868386 6.2685152 7.3239173 8.1870323 7.7065870 6.6092730 7.5297624 5.2320024 7.0801781 
HPHV_Guereza_hepacivirus_E2_393-653_AlphaFold.pdb                                         3.6388469 1.9707126 1.9088195 2.1315491 2.6798366 3.5036767 3.8015063 3.7288753 2.9020032 0.3395165 3.9071059 3.3263638 2.4858047 4.1825843 1.8512305 5.4049694 4.4879462 0.0000000 4.2995850 1.8584003 1.8743597 1.8865972 1.8760366 1.8830739 2.0234220 8.9999989 2.7653519 1.8147184 2.5544078 2.2160374 2.1766052 2.1594774 4.1856239 2.4850429 3.1058414 1.8061137 2.8793213 2.9897284 2.8762858 2.6574324 3.1099408 2.9277461 3.0087994 1.7289536 1.8929689 3.5059142 2.0596218 2.0464977 1.8865016 3.0648172 2.8580582 3.3696300 3.1091221 2.4755320 2.4883484 1.8833731 2.3344208 2.0351904 2.5879372 3.0887679 1.8867154 2.0615017 2.0428848 2.3267649 4.2493454 4.1355739 2.0533589 4.1822907 4.5523848 2.0826635 1.8360783 4.6264264 1.9559395 2.4230217 2.1324699 4.3350089 4.3286609 4.3693594 2.0857196 4.2558912 1.7753990 2.2715325 4.5505534 2.1500188 1.9992486 2.0305416 2.2550117 4.5499022 3.8343766 2.1623683 2.0732199 4.9452104 3.5949683 2.1231821 2.0828307 2.0184370 1.9635554 2.0632596 3.6746307 7.2916050 8.9999982 4.4785376 4.6739211 4.0754542 4.6191585 4.8923042 4.2737405 4.2187728 4.1135262 3.7685371 4.8516789 3.6575184 4.4188471 4.5720820 5.7449301 3.6417270 4.7180239 3.5086486 4.4185681 4.2078705 4.5546063 4.8492875 4.4928844 4.7249468 4.4891476 4.0685795 3.8813983 4.3859012 4.3859012 4.0298286 4.3658287 4.4978630 4.8904957 4.1078774 4.5016358 4.4669421 3.8508782 4.6923816 4.6793166 4.0641132 4.7609853 4.8460636 4.8729692 4.2760818 4.3981113 4.7773136 4.6118700 4.1453904 4.7932098 5.0186357 5.0091690 5.0499366 4.1516513 4.1865201 4.9017682 8.9999982 4.3843455 4.0028630 6.4758632 5.7984313 5.9771686 5.4988730 4.8587047 6.0854584 5.8331337 5.8882851 6.1936978 5.2637510 5.4497647 6.1295000 6.2933371 5.1361153 5.3224773 5.7826247 5.8633646 5.3384222 6.7766061 6.8170214 5.6232849 5.6047024 5.7106042 5.5375315 6.3286722 5.3958393 5.2368169 4.9106707 5.7065171 6.3110276 5.9338335 
HPHV_Hainan_oriental_leaf-toed_gecko_hepacivirus_E2_409-675_AlphaFold.pdb                 4.1913735 4.4097518 4.5722293 5.2986414 5.3057776 3.9898798 4.1259308 4.5607368 4.2211194 4.6430136 4.7587455 3.9688921 4.3556733 1.2152935 5.2361036 1.9704045 4.6146662 4.2995850 0.0000000 5.0289427 5.1011183 5.1976943 5.1181011 4.9554452 3.7062921 8.9999986 5.9059925 3.8485564 4.3957834 4.7874192 4.3615040 4.7877386 5.1191439 4.3241689 2.9386073 5.4235075 5.6035744 5.0741723 5.1559006 5.3156203 5.7627303 5.4109642 5.6481033 4.9773205 5.4918251 5.0922343 4.8252707 4.8289864 4.6841709 5.7067767 5.8159599 3.4170403 3.7363257 4.6366293 4.2647306 4.4889935 5.2097193 5.5995014 4.5824072 5.6142520 4.5581343 4.9430610 4.6430496 4.5160627 4.2322755 4.6812749 4.7540989 4.8581314 4.7272405 4.8992220 4.8144742 4.1463850 4.7278166 4.2552058 4.7088761 4.7903341 4.8735266 4.8738033 4.6319032 4.7675017 4.9967249 5.1240877 4.8211214 5.3216142 4.9327839 5.1418693 4.3388148 3.9020832 4.0634023 3.8046219 3.7869977 7.5582217 4.5838339 4.9827893 4.7124651 4.7711782 4.5085660 4.7129844 6.4205142 8.0349892 4.2223080 5.8282928 7.5795302 6.7453076 5.6586844 8.0787105 7.6738774 5.7522825 6.4623370 6.4957067 7.3470242 8.2502237 6.4446829 6.5121663 5.9371876 7.3244332 7.5605581 6.2398898 5.6577561 7.4356230 6.4885924 6.6143099 6.5531934 6.4513892 6.3416440 7.0211110 6.1572779 7.1081116 7.1081116 5.2641456 7.0118870 5.4256384 7.1244920 6.0006571 6.7041451 6.3698271 6.2128951 8.9999981 8.6136653 6.1823211 7.1695924 6.7249485 6.3223159 6.5905921 6.3470891 6.7512827 6.0225563 7.3159796 7.2973064 6.8944514 6.7317412 6.6584054 8.0922076 8.2702918 7.4303679 8.9999988 5.6670848 4.9991945 8.9999983 8.9999989 8.9999986 8.9999988 6.8580947 8.9999985 7.8762047 8.5001967 8.9999988 6.6293604 8.9999980 8.4046611 8.1904430 8.8127293 8.5488393 8.5814138 7.9488634 8.7482279 8.9999987 8.9999986 8.8407862 7.7402497 8.9999981 8.0718747 7.4374863 7.0828262 8.9259383 7.7031562 7.6765695 8.9999990 5.5478080 
HPHV_Hepacivirus_F_E2_340-619_AlphaFold.pdb                                               3.1520478 0.7988996 0.8571347 2.0374750 2.0014063 3.6398957 3.1073763 3.7018655 3.6758039 2.0284328 4.6916446 3.0495264 3.2118631 5.1126543 0.5873706 5.0268209 4.4833933 1.8584003 5.0289427 0.0000000 0.0281428 0.0323148 0.0574170 0.0407543 1.9248707 8.8849957 3.0441321 1.8437107 3.0156983 2.4190478 2.5369413 1.3287067 4.1486494 3.2994350 3.7848575 1.4287861 3.6025329 3.5731100 3.3615535 3.3518326 3.5434247 3.2816573 3.1208359 1.8929217 2.0973435 4.1555141 1.4060360 1.3805967 1.8302766 3.4964120 3.6091144 4.4049029 3.7894403 3.1561792 3.2600626 1.3218625 1.3507638 1.5190924 1.8987039 3.4864637 0.9081711 1.6580047 0.8482464 1.1367194 4.8654467 4.3099623 1.4683826 4.3703091 4.6265960 1.3753053 0.5150795 4.8136129 1.4382345 0.9969705 1.5030203 4.4743081 4.6002146 4.4453368 1.4775157 4.2940350 0.6547548 1.3573600 4.7674885 0.5170882 1.3431641 1.5388861 1.9455027 3.9673867 4.5448729 1.8091363 1.7863823 5.6774663 3.6361602 1.3158202 1.3798575 1.9438753 0.8033909 0.6266894 3.8791362 5.1257475 8.9999985 4.3790656 4.8385770 4.2985124 4.4891628 4.1985800 4.9058608 4.3614018 5.1348557 4.6190861 4.9557345 4.4364693 5.3096894 3.7934204 6.1786435 3.9392314 4.6723153 4.1097992 4.3605910 4.8235950 4.7078890 5.0885323 4.9350063 4.8452672 4.9010755 4.4396474 4.1607499 3.6561734 3.6561734 4.1261858 4.9595999 4.4011142 4.6789266 4.6070431 4.9493575 4.9343779 4.4773272 4.5297452 3.9575069 4.4192532 4.5036079 4.3593391 4.1730247 3.7454901 4.8834641 5.3570957 4.9014408 4.8117909 4.9227756 5.0222630 4.5482750 4.5267244 4.3790995 4.3690303 4.6047705 8.9999981 4.9424750 6.1085557 5.5957405 5.6926252 6.6115550 5.6617002 5.1221061 5.7755796 5.0627486 5.3957999 6.0066908 6.4459049 5.4011419 5.5744439 5.6084770 6.1391413 5.6930843 6.8550291 6.7302192 5.2059556 5.5063968 5.4081508 5.0937352 5.0253871 4.9807200 6.2006886 5.9276764 5.2830118 7.3795143 5.7800927 5.0835047 5.0227235 5.0068638 
