189
HPHV_Bald_eagle_hepacivirus_E2_364-657_AlphaFold.pdb                                      0.0000000 0.7415332 0.7490519 0.8179007 0.8347983 0.7969225 0.6935091 0.6620847 0.7086161 0.8088148 0.8624172 0.5326931 0.9304244 0.9628177 0.7477519 1.1121360 0.8043568 0.7185160 1.3240845 0.8716519 0.8157542 0.9040923 0.7981402 0.8551125 0.8122561 1.0883258 0.8447391 0.7581127 0.8717985 0.9294619 0.7333041 0.8222225 0.5784282 0.8279729 0.6747266 0.7549627 0.9535422 0.8698976 0.9072127 0.8697042 1.0904225 1.0148827 0.8881950 0.8156318 0.8878722 0.5866063 0.8666146 0.9055439 0.7670286 0.8644234 1.0944415 0.5799862 0.6301661 0.9283324 0.9022980 0.8115007 0.8253943 0.8760542 0.9937499 1.0968449 0.7804895 0.9273216 0.7613413 0.7938305 1.2964897 1.1983783 0.8068099 1.1215539 1.3001848 0.7718891 0.7617470 1.3515894 0.8821428 0.7829668 0.7847619 1.3715904 1.8754563 1.1944677 0.8546514 1.5385223 0.8125287 0.8707476 1.0350960 0.8500129 0.8172306 0.9083846 0.7800910 0.9320756 0.7797118 0.7059682 0.7563687 0.7828771 0.7531354 0.9147559 0.8646146 0.8348537 0.7870025 0.9224952 0.8845254 0.8882429 1.1193432 0.7952040 0.8592602 0.9835512 0.8576529 0.9924046 1.0499975 0.9093818 0.9193852 0.9391417 0.9548659 0.9216045 0.9368190 0.9062716 0.9128288 0.8379667 0.9466760 0.8110063 1.0042451 1.0510245 0.9444602 0.9959090 0.9346872 0.9565044 0.9185849 0.7326584 0.9328117 0.8416504 0.8416504 0.8223586 0.9095705 0.9288659 0.9253884 0.8663071 0.9390698 0.8931369 0.7975432 0.8911414 0.9226278 0.9264959 0.9292841 0.9456417 0.9202065 0.9606604 0.9585574 0.9515583 0.9669264 1.0448753 1.0360196 0.9018619 0.9014560 0.9154228 0.9792643 1.0842610 0.9509977 1.3530367 1.0573875 1.0179234 1.2653838 1.1664428 1.2325557 1.2895970 1.2199135 1.0731539 0.7121582 1.2840583 1.2274056 1.2186150 1.1260028 1.0134015 1.0502459 1.1471742 1.0193777 1.0463585 1.1038518 1.1374689 1.2435265 1.2365438 1.3343043 1.2190280 1.1409487 1.2012945 1.1441138 1.1067163 1.1537496 1.2637199 1.1627907 1.1490371 0.8752184 
HPHV_Bamboo_rat_hepacivirus_OM451124_E2_367-619_AlphaFold.pdb                             0.7415332 0.0000000 0.1813138 0.4928881 0.5360744 0.8219716 0.7472350 0.7056622 0.6340821 0.4424963 1.1394207 0.7706141 0.8457458 1.1453192 0.3279856 1.3196452 0.9288389 0.4549928 1.4302889 0.3772645 0.3274094 0.3595158 0.3895317 0.3587753 0.5140426 1.0261957 0.8619739 0.4171436 0.8414847 0.6024585 0.5527732 0.4355591 0.7955520 0.8140984 0.8079211 0.5397257 0.8459981 0.7938485 0.7895358 0.7912197 0.9369890 0.8397114 0.8197260 0.4511675 0.5148591 0.8188394 0.4794155 0.4853186 0.4671368 0.8047787 0.9378822 0.8058343 0.9118729 0.8363442 0.8326145 0.4224914 0.4507903 0.4681405 0.6768358 0.8791648 0.1701087 0.4927118 0.2118578 0.4565296 1.3829355 1.1929319 0.4451777 1.1779663 1.4657370 0.4948497 0.3479081 1.2607292 0.4605011 0.4343536 0.4288004 1.4093277 1.9291898 1.2112480 0.4417434 1.5076477 0.3429667 0.5011000 1.0343518 0.4121339 0.4753337 0.4988534 0.4753171 1.0754925 0.8706032 0.5391418 0.4080266 0.9026171 1.0293729 0.5136627 0.4548881 0.5017382 0.3347415 0.3843432 1.0170321 1.0966025 1.2262713 0.8961289 1.0286193 1.0728876 0.9998061 1.2029131 0.9892114 1.0058146 0.9273488 1.0832923 0.9195927 1.0498645 1.1495372 1.0858804 0.8999046 0.9778572 1.1023414 0.8473545 1.1846067 1.0194985 0.9215951 0.9110079 0.9697018 0.9489784 0.8834643 0.9949524 0.9923049 1.1292442 1.1292442 1.0071905 1.0913418 1.1238699 0.9043085 1.0248666 0.9276988 0.9360560 1.0518267 1.1547048 1.0022568 0.9595941 0.9488597 0.9963272 1.0370343 1.0934419 0.9395248 0.9523186 0.8525340 1.0083985 1.0270589 1.1070892 1.0466979 1.0587445 1.1606250 1.2125594 1.0957214 1.1828944 1.1567288 1.0582742 1.1657240 1.0166858 1.0978855 1.0351768 1.2036438 1.0115066 0.9166020 1.1886864 1.1549814 1.2203998 1.0337027 0.9836245 1.0076979 1.0116102 0.9964640 1.0193691 0.9570855 1.1635507 1.0847446 1.1671696 1.0720861 1.1929098 1.1098859 1.0031446 1.0658679 1.1057348 1.1674656 1.1832870 1.1456694 1.1052608 0.9962224 
HPHV_Bamboo_rat_hepacivirus_OM480528_E2_358-622_AlphaFold.pdb                             0.7490519 0.1813138 0.0000000 0.5458334 0.5589195 0.7406331 0.6661582 0.6216618 0.6342492 0.4708841 1.0486622 0.8345306 0.8049084 1.0778489 0.3545286 1.2718546 0.8728693 0.4275719 1.4087167 0.3977493 0.3598715 0.4094675 0.4284812 0.3986961 0.4929031 1.0554014 0.8625940 0.4277632 0.7680356 0.6195706 0.5291626 0.4009280 0.8055203 0.7781535 0.7492147 0.5082845 0.8498151 0.7788218 0.7947341 0.7808752 0.9359793 0.8579980 0.7865088 0.4941636 0.5388463 0.7792278 0.4503852 0.4426044 0.4357364 0.8030335 0.9630704 0.7248928 0.8781610 0.7909308 0.8232601 0.3691699 0.4296321 0.5508496 0.6723726 0.9233823 0.2253782 0.4454895 0.2496603 0.4250851 1.4995288 1.1539975 0.4604853 1.2404968 1.5051271 0.4450769 0.3191275 1.3204238 0.4597857 0.4440823 0.4345150 1.5698442 2.0106147 1.2510311 0.4341910 1.5867239 0.3933547 0.4919684 1.0753884 0.3978556 0.4926094 0.5707274 0.4835750 1.0267736 0.8776360 0.4666676 0.4098819 0.9197348 0.9983347 0.5158857 0.4118393 0.4884446 0.3583648 0.3835588 0.9964165 0.9578858 1.1948310 0.8952255 1.0131625 1.1005816 0.9790448 1.0705510 1.0149911 1.0076071 0.9522370 1.0917085 0.9494869 1.0198417 1.0509682 1.0400995 0.9669371 1.0596523 1.0719056 0.7633568 1.1743341 0.9682118 0.9505877 0.9459816 0.9831580 0.9088324 0.8687713 0.9925576 0.9507333 1.0924329 1.0924329 1.0076082 1.0624324 1.0353676 0.8889311 0.9694810 0.9298589 0.9279755 1.0340459 1.1030779 1.0354250 0.9264822 1.0026473 0.9613955 1.0084338 1.0892347 0.9428200 1.0063419 0.9295312 1.0252293 1.0540010 1.0902128 1.0458456 1.0569551 1.1329633 1.1359645 1.0372718 1.1566122 1.1108585 1.0118795 1.2202299 1.0689042 1.1252424 1.0968944 1.2167268 1.0150348 0.8433928 1.1998140 1.1379459 1.2519793 1.0655711 0.9428909 1.0112317 1.0574662 1.0193801 1.0178367 0.9921811 1.1685046 1.1256504 1.1775362 1.1058383 1.2322444 1.1339222 1.0460665 1.1093171 1.1495718 1.1712930 1.2475448 1.1837018 1.1370360 1.1137185 
HPHV_Bat_hepacivirus_BK013349_E2_357-614_AlphaFold.pdb                                    0.8179007 0.4928881 0.5458334 0.0000000 0.5892635 0.8143590 0.7463616 0.7819668 0.8318037 0.5546974 1.1172976 0.9083273 0.9338330 1.0869426 0.4703723 1.1851743 0.9065912 0.5494669 1.2791067 0.4725786 0.4688280 0.5205337 0.4659198 0.4512244 0.5106224 0.9747142 0.8111935 0.5543306 0.8553205 0.6204677 0.5095636 0.5316673 0.8337485 0.9778776 0.9587252 0.6090372 0.9221526 0.8513326 0.9529443 0.8825073 0.9849653 0.9501503 0.9215928 0.3874903 0.5871161 0.8642875 0.5685842 0.5403545 0.5427931 0.8924499 1.0542068 0.8155551 0.9603199 0.9060002 0.9303086 0.5048235 0.5394303 0.6342258 0.6988322 0.9903813 0.5094714 0.5071399 0.5431427 0.6196592 1.4453217 1.3205040 0.6443355 1.1480442 1.7069253 0.5222093 0.4746566 1.3838681 0.5914981 0.6158788 0.6156072 1.5937836 1.8166325 1.2894456 0.6383901 1.5392866 0.5662673 0.5323797 1.1526055 0.5150796 0.6030073 0.6350970 0.5276925 0.9545359 0.9243805 0.5339846 0.5280420 0.9385033 1.0980983 0.5941468 0.5120196 0.4816458 0.4688004 0.6225818 1.1904744 0.8856133 1.1764654 0.9829956 1.1540023 1.1818317 1.0816092 1.3128722 1.0921938 1.1339766 1.0437442 1.3361942 1.0773312 1.1452547 1.2003357 1.3114523 1.0845290 1.0682243 1.1906447 0.8518824 1.2466636 1.1559155 1.0567874 1.0806357 1.0759711 1.0730971 0.9579462 1.0422818 1.0415647 1.2421249 1.2421249 1.0695961 1.0643345 1.2276420 1.0741687 1.1267055 0.9848698 0.9865630 1.1726062 1.1623552 1.0622717 1.0119522 1.1013069 1.2256091 1.2454726 1.2189564 1.0530106 1.0816483 1.0665124 1.0729036 1.2260131 1.3308743 1.2377167 1.2590591 1.2595523 1.3914449 1.1985041 1.2305646 1.1052444 1.0836111 1.2083855 1.0933670 1.1938427 1.1538964 1.2689515 1.0806718 0.8256445 1.1939288 1.0791724 1.1578166 1.0444965 0.9239551 0.9612322 1.0982475 1.0496354 1.0091198 1.0449040 1.1517854 1.1873993 1.2166980 1.1168257 1.3133914 1.1378807 1.0721389 1.2378956 1.1691354 1.0907940 1.1499858 1.1577189 1.1641846 0.9502121 
HPHV_Bat_hepacivirus_TA166TZA2013_E2_328-576_AlphaFold.pdb                                0.8347983 0.5360744 0.5589195 0.5892635 0.0000000 0.7889649 0.7625436 0.6900296 0.6918265 0.5638561 0.9779685 0.7945574 0.8731134 1.1315769 0.5228461 1.3449700 0.9243075 0.5887464 1.4124526 0.5720070 0.5292410 0.5964996 0.5663031 0.5325420 0.6041407 1.0068738 0.7749294 0.5945657 0.7462469 0.7026237 0.6186828 0.5278278 0.8487569 0.8364367 0.7987396 0.6387816 0.7910691 0.8313001 0.8151587 0.8789048 0.9996814 0.8485443 0.8607954 0.4907581 0.5953406 0.8485706 0.6154076 0.5944970 0.5343772 0.7924501 0.9273664 0.6839331 0.9191806 0.8518905 0.8167398 0.5777180 0.5782296 0.6470049 0.7371421 1.0043283 0.5596342 0.6330923 0.5607755 0.5654603 1.5127533 1.1215931 0.7140735 1.1772979 1.5088510 0.5428106 0.5393603 1.3084597 0.6348619 0.6192877 0.6403005 1.3625368 2.5176197 1.1095045 0.6370133 1.3089564 0.5169337 0.6102886 1.0478477 0.5271662 0.6211040 0.7020696 0.5961512 1.0518817 0.8690330 0.5850370 0.5210625 0.8032140 0.9390064 0.6419673 0.5338800 0.5227374 0.5338265 0.6705600 1.0192836 0.9566093 1.1690327 0.8727141 0.9975156 1.0238041 0.9963901 1.2094313 1.0336659 1.0059136 0.9199589 1.0528602 0.9922780 0.9546025 0.9926552 1.1355128 1.0178024 1.0159652 1.1199075 0.8635109 1.1508979 1.0161649 0.9427764 1.0021709 0.9633972 0.9304951 0.9020420 0.9395132 0.9612591 1.0882865 1.0882865 1.0259631 1.0332079 1.0805313 0.9448570 1.0860622 0.8987642 0.9137488 0.9861698 1.1051827 0.9760121 0.9995785 1.0299381 1.0366942 1.0811732 1.1738706 0.9255581 0.8613814 0.9092927 0.9628317 1.0955836 1.1262463 1.1535140 1.0922015 1.2748722 1.2655037 1.1476167 1.3129234 1.0895677 1.0702698 1.0590176 1.0163708 1.0629801 1.0213194 1.0550870 0.9382846 0.9243417 1.1180357 1.0876818 1.1919227 1.0245264 0.9418374 0.9379453 0.9368305 0.9283461 1.0215578 0.9173854 1.0593115 1.0806574 1.0624836 0.9876210 1.0135435 1.0536314 0.9508185 1.0681282 1.0798562 1.1335564 1.0749037 1.0429235 1.0490426 0.9329194 
HPHV_Catfish_hepacivirus_E2_552-803_AlphaFold.pdb                                         0.7969225 0.8219716 0.7406331 0.8143590 0.7889649 0.0000000 0.4893137 0.6479924 0.6793377 0.7644681 0.8407972 0.7641186 0.9322174 0.9638106 0.6947450 1.1537236 0.7880428 0.7159074 1.3416912 0.8100580 0.7902688 0.8714770 0.8325708 0.8007400 0.8475293 0.9858751 0.8498063 0.7777932 0.7930365 0.9266744 0.7796361 0.8580928 0.7717705 0.9125369 0.8837345 0.8526905 0.9538750 0.9272805 0.9335752 0.9700655 1.0602151 1.0037631 0.9097729 0.7834039 0.8526149 0.7463822 0.8826929 0.8663267 0.6793728 0.9435120 1.0547631 0.4132947 0.6364167 0.9426031 0.9575327 0.8436979 0.8463575 0.8792293 0.8352886 1.0581981 0.7722916 0.9069902 0.7716847 0.8153616 1.1411906 1.1167851 0.9365774 1.0897882 1.4659736 0.8272171 0.7548386 1.2804253 0.9072424 0.8603405 0.8885338 1.3076679 1.6848131 1.1086476 0.8919979 1.4687961 0.8560294 0.8629101 1.1783080 0.7235772 0.8430988 0.8776844 0.8889020 0.9801996 0.7716207 0.8578997 0.7301240 0.8419957 0.7483270 0.8329192 0.8164398 0.8542792 0.8253014 0.9951060 0.7098876 0.9518752 1.1027336 1.0426952 1.0414807 1.0723616 1.1664407 1.0929247 1.1161066 1.1007909 1.0645401 1.1516449 0.9536351 1.0291116 1.1735377 1.0947056 0.9461805 0.9582150 1.3015217 0.9704419 1.0101830 1.0646062 1.0558319 1.0012675 1.0404336 1.0031035 0.9393856 1.0069332 0.9529832 1.0038186 1.0038186 0.9484062 1.0626793 1.0297703 1.0119935 0.8959676 0.9694484 0.9272593 0.9931019 1.0163791 1.0557991 0.9771973 1.0172341 0.9858154 1.0807851 1.0313127 0.9864002 0.9820292 1.0251578 1.0394311 1.0657781 1.0844520 1.0774228 1.0695492 1.1718339 1.2023106 1.0478702 1.1607506 1.2142251 1.2299466 1.1965541 1.1533464 1.2897053 1.2248878 1.2740913 1.0777076 0.8944765 1.1843683 1.2070115 1.2733737 1.1358754 0.9820372 1.0665226 1.1918538 1.0526466 1.0844116 1.0610639 1.1748012 1.2225429 1.2533864 1.1364096 1.2506186 1.1908774 1.1845378 1.0795866 1.1663371 1.2058396 1.3144755 1.1718862 1.1322637 0.9441062 
HPHV_Chaetodon_aureofaciatus_hepacivirus_isolate_F25_E2_475-626_AlphaFold.pdb             0.6935091 0.7472350 0.6661582 0.7463616 0.7625436 0.4893137 0.0000000 0.4774846 0.5283850 0.6963459 0.4295554 0.4952346 0.8274761 0.8121691 0.7657320 0.8671420 0.5012715 0.6750825 0.9837583 0.7657479 0.7207410 0.8455390 0.7374800 0.8663746 0.7162762 0.9313126 0.7905340 0.6547734 0.6692529 0.8907823 0.7305129 0.6390716 0.6096343 0.8125968 0.5977275 0.8067830 0.8192646 0.7588917 0.8281118 0.7143742 0.7826237 0.8062624 0.7808680 0.7973112 0.8931756 0.5439598 0.8134437 0.7874551 0.6972124 0.7583601 0.8065392 0.4356135 0.5027498 0.7852623 0.9210248 0.7954302 0.6761351 0.7421581 0.9104448 0.8376682 0.7438748 0.8214836 0.6909794 0.6799842 1.0528339 0.9935255 0.8376257 1.0791497 1.4108093 0.6895441 0.8091896 1.2179055 0.7386774 0.7360184 0.8257168 1.2976485 1.7576668 0.9930107 0.8603757 1.5494683 0.8232583 0.7948864 0.8198051 0.7066945 0.7794990 0.8703008 0.7938919 0.7985309 0.4655047 0.6871531 0.5725864 0.7644606 0.5042931 0.7743999 0.6626815 0.6935526 0.7926824 0.7997737 0.4950307 0.8156337 0.9202127 0.7809707 0.7896395 0.8637248 0.8538423 0.8927754 0.7702110 0.7960191 0.6676832 0.9025356 0.8205014 0.7280684 0.8542101 0.9454297 0.9378726 0.9783823 1.0154678 0.6120233 0.8217912 0.9502122 0.8823501 0.7962576 0.8113253 0.7389612 0.6449957 0.6999814 0.6456797 0.7844375 0.7844375 0.7862124 0.7963170 0.8137234 0.7500320 0.7005245 0.6774166 0.6175886 0.9140769 0.8635383 0.6735323 0.7684900 0.7438476 0.8257414 0.9458971 0.8013453 0.6730467 0.7031534 0.7211204 0.7338528 0.8297506 0.9453325 0.8197734 0.8467541 0.9012627 0.9292603 0.8502923 1.1402180 0.7168268 0.7800205 0.9270031 0.8644152 0.9685892 0.8768521 0.8943896 0.9397087 1.0693121 0.8946812 0.9325254 0.7937129 0.8900039 0.7565294 0.7594804 0.8638835 0.8373009 0.7901701 0.7690859 0.9317521 0.9247278 0.8801140 0.8429662 0.8882033 0.9351693 0.9020165 0.8188227 0.8185319 0.9746570 0.9568900 0.8925110 0.9486585 0.7512844 
HPHV_Chinese_broad-headed_pond_turtle_hepacivirus_E2_495-722_AlphaFold.pdb                0.6620847 0.7056622 0.6216618 0.7819668 0.6900296 0.6479924 0.4774846 0.0000000 0.4605889 0.5453716 0.8049691 0.6459857 0.8673665 0.8877086 0.6577838 1.0317193 0.6662128 0.5417238 1.3858583 0.7457080 0.7231668 0.7679744 0.7139354 0.7217620 0.6442101 0.9163741 0.7203191 0.6197643 0.6443285 0.9488451 0.7830402 0.6897580 0.6085674 0.8245803 0.6615578 0.7433199 0.8335282 0.7418609 0.8550138 0.7784598 0.9226214 0.8434122 0.7945274 0.6762908 0.7416963 0.5883825 0.7327855 0.7456995 0.6734721 0.7636686 0.9405315 0.4641032 0.5663943 0.7832929 0.9253403 0.7156625 0.6683106 0.6927058 0.8312026 0.8984487 0.6374680 0.7172597 0.6459324 0.7214848 1.2653973 1.0219568 0.7973669 1.0944317 1.3210948 0.6737553 0.6719261 1.4532857 0.8138417 0.7321823 0.7457047 1.3701801 1.7527132 1.0933713 0.7277059 1.4170457 0.6922414 0.7528599 0.9630765 0.7399159 0.7535006 0.7441371 0.7419492 0.8712486 0.6972172 0.7171324 0.6150469 0.8672899 0.7070002 0.7003957 0.6738732 0.6592791 0.7291975 0.7381461 0.7785917 0.9386731 1.0299038 0.8895187 0.8852779 0.9660024 0.8508047 0.8660254 0.9468307 0.8755552 0.8330631 0.9587313 0.8287822 0.7945238 0.9644092 0.9295747 0.9640091 0.8869517 0.9996792 0.7088500 0.9694531 0.9509379 0.9217096 0.7970710 0.9436738 0.8774154 0.8075665 0.8269417 0.8780483 0.9086325 0.9086325 0.8362250 0.9832418 0.8843785 0.8261090 0.8702176 0.8312744 0.8330005 0.8370379 0.9447246 0.8892164 0.7487779 0.8823220 0.8807666 0.8894996 0.8810569 0.8815626 0.8381612 0.8985583 0.8433864 0.9955171 1.0119317 0.9596056 0.9096337 0.9635015 1.0792022 0.9818974 1.1739959 0.8833686 1.0158040 1.1553365 1.0892002 1.1802575 1.1811923 1.1801181 1.0176575 0.9173409 1.1413261 1.0575895 1.1059693 1.0558595 0.8630802 0.9700732 1.0614411 1.0014750 0.9408930 0.9598345 1.1473220 1.1559875 1.1443489 1.0856871 1.2179332 1.1999309 0.9558908 0.9843316 1.0872454 1.0686366 1.2578732 1.1450234 1.0628306 0.9138796 
HPHV_Chinese_softshell_turtle_hepacivirus_E2_501-725_AlphaFold.pdb                        0.7086161 0.6340821 0.6342492 0.8318037 0.6918265 0.6793377 0.5283850 0.4605889 0.0000000 0.6076526 0.8695802 0.6782367 0.8544013 0.9949802 0.6908491 1.0735248 0.7278669 0.5221624 1.3182062 0.7120422 0.7039866 0.7098031 0.6841340 0.7133129 0.6548700 0.8297927 0.6770208 0.6996055 0.6849038 0.9326924 0.7707409 0.7406797 0.6660179 0.7804016 0.6146416 0.6885597 0.8057555 0.7874587 0.8181361 0.7804554 0.9782529 0.8755186 0.7616921 0.7697559 0.8242997 0.5995338 0.7073184 0.7421430 0.7494472 0.7700100 0.9809594 0.4983748 0.6560487 0.7850365 0.8945152 0.6752518 0.6726169 0.7202681 0.8348031 0.9696383 0.6565806 0.7482800 0.6747794 0.8149103 1.0380720 0.8587837 0.7509713 0.9060773 1.1138203 0.6688993 0.6856580 1.1509351 0.7310404 0.7674431 0.6837538 1.1760794 1.3287475 0.8997497 0.6783157 1.1399980 0.6756187 0.7844438 0.8654500 0.7324062 0.6014103 0.7769441 0.6585865 0.8207057 0.7058028 0.6277382 0.4844184 0.7357375 0.6975123 0.6540270 0.6780202 0.6779185 0.7328721 0.7496695 0.7373537 0.8007879 1.0280740 0.7797684 0.8771652 0.9878163 0.8798391 0.9471547 0.9468674 0.8262849 0.7842517 0.8571969 0.8081467 0.9063036 0.9531121 0.8544293 0.9717214 0.8606412 0.9369409 0.7013122 0.9962408 0.8070419 0.8509638 0.8045268 0.9233270 0.8300259 0.7945727 0.7486453 0.8990782 0.8711377 0.8711377 0.8577060 0.8916947 0.9700605 0.8100577 0.9028445 0.7712368 0.7975957 0.8296287 0.8915978 0.8121366 0.7589114 0.8975769 0.7998439 0.9423838 0.9089803 0.7941484 0.7735568 0.8660623 0.7654820 0.8951277 0.8421398 0.9150047 0.8803777 0.9674760 1.1756195 0.8877059 1.2009697 0.7558187 0.8462997 1.0752703 0.9729182 1.0724582 1.0358606 1.1301705 0.9386608 0.9334163 1.0278788 0.9906454 1.1073270 1.0354858 0.8583332 0.8901328 0.9756633 0.9399335 0.8820735 0.9005875 1.0857341 1.0809380 1.0946406 1.0094083 1.0597826 1.0944815 0.9484975 0.9609295 0.9966987 1.0089339 1.0785054 1.0672677 0.9995483 0.8104207 
HPHV_Crab_eating_macaque_hepacivirus_E2_395-642_AlphaFold.pdb                             0.8088148 0.4424963 0.4708841 0.5546974 0.5638561 0.7644681 0.6963459 0.5453716 0.6076526 0.0000000 1.0059055 0.7927838 0.8532795 1.0203032 0.4894663 1.1122429 0.8784059 0.1816387 1.5158067 0.5377969 0.5418722 0.5434354 0.5464869 0.5075295 0.4339190 1.0575054 0.8566015 0.4766271 0.7667679 0.6562271 0.6201443 0.5155859 0.8712981 0.8138430 0.8649510 0.6409508 0.7827365 0.7275090 0.7442783 0.7588656 0.9497052 0.7972104 0.7703979 0.4358937 0.5350389 0.7801780 0.5823307 0.6603564 0.4872854 0.7167279 0.9756184 0.6617886 0.7263983 0.8675853 0.8389843 0.5075793 0.5709430 0.6024856 0.6832317 0.8890384 0.4206058 0.5376106 0.4191315 0.5803275 1.3852514 1.1442142 0.5542661 1.0891420 1.5911395 0.4746906 0.5080888 1.3262033 0.5713851 0.5255408 0.5327491 1.4312534 2.0958312 1.1169111 0.5761396 1.4273984 0.4977303 0.6526221 1.1577201 0.5246597 0.5888301 0.6200489 0.5304017 1.0136564 0.8255728 0.5904937 0.4488675 0.8821764 0.9146047 0.6672218 0.6072905 0.4940426 0.4761244 0.5412138 0.9721622 0.9772232 1.3022356 0.9838303 0.9587223 1.0085308 1.0682596 1.1138693 1.0025888 1.0389152 0.9516438 1.0852195 0.9513041 0.9679126 1.0530724 1.0985978 1.0725847 0.9439230 1.2105418 0.7915660 1.1093277 0.9824900 1.0481249 1.0165638 1.0994956 1.0097731 1.0036121 0.9859502 0.9065510 1.0632037 1.0632037 1.0151582 1.0774950 1.1407920 0.9353379 0.9295055 0.9892153 1.0049067 0.9969091 1.1638879 0.9880486 0.8903675 0.9750500 0.9979229 1.0344153 1.0697450 0.9667307 0.9511369 0.9412961 0.9523921 1.1109163 1.0424922 1.0804152 1.0431119 1.2093694 1.3353512 1.0566686 1.1560413 1.0170997 1.0203448 1.0574818 0.9715118 1.0822789 1.0114458 1.1024333 1.0271257 0.9377088 1.1080096 1.0818262 1.1643137 1.0685639 0.9452754 0.9643174 1.0527184 1.0023165 1.0036238 0.9483551 1.0990237 1.0731510 1.0621043 0.9483327 1.1022750 1.1219711 0.9621165 1.0149575 1.0519908 1.1155229 1.1853528 1.0491987 1.0653621 0.9280719 
HPHV_Cyprichromis_hepacivirus_E2_337-528_AlphaFold.pdb                                    0.8624172 1.1394207 1.0486622 1.1172976 0.9779685 0.8407972 0.4295554 0.8049691 0.8695802 1.0059055 0.0000000 0.8689360 1.1143231 0.9483949 1.0626622 0.8775728 0.6691015 0.9528003 1.1867524 1.1103083 1.0537913 1.2618404 1.1336412 1.1332810 1.0869506 0.8909963 0.8911031 1.0056150 0.8607507 1.2451657 1.0712250 1.1922436 0.8433401 1.0487629 0.7998879 1.2078139 1.0561965 0.9631970 1.0215456 1.0405454 1.0359181 1.1323704 1.0538165 1.0399801 1.1817076 1.0541492 1.2129183 1.2138200 1.0367811 0.9991134 1.0177786 0.7178861 0.6497694 1.0523370 1.0990965 1.1500622 1.1503482 1.0333018 1.2007684 1.0913451 1.0915426 1.1652612 1.1662884 1.1434423 1.0674613 1.1533465 1.2875078 1.1007821 1.3678058 1.0928997 1.0919522 1.2715333 1.1970313 1.2478246 1.1796232 1.3847528 2.0681098 1.2176151 1.1884537 1.8501633 1.2427329 1.2420260 1.1107886 1.1804810 1.1658733 1.2924274 1.1508317 1.0282738 0.7121557 1.1018955 0.9993105 0.8324081 0.7634081 1.2920478 1.0885706 1.0458909 1.1776843 1.1808872 0.6595329 0.8081104 1.0100429 1.2381313 1.2659816 1.2650176 1.2288011 1.2742625 1.2324754 1.2421711 1.1420920 1.2735314 1.2851302 1.1573552 1.2381229 1.6615835 0.9213792 1.2497099 1.5791857 0.9940070 1.1713797 1.3238439 1.3095596 1.1655771 1.1488980 1.1877811 1.1228385 1.1487559 1.1201830 1.2489609 1.2489609 1.1987884 1.2460267 1.2274274 1.1259066 1.1888093 1.1581052 1.0361807 1.0894041 1.3455150 1.2137510 1.1855503 1.2550446 1.3058053 1.4298716 1.1724529 1.0709820 1.1224125 1.0477012 1.2053514 1.3228761 1.3156857 1.2812830 1.2422957 1.3549677 1.4753387 1.4254250 1.1007071 0.7937923 0.8597544 1.0162507 1.0475260 1.0369856 1.0491233 1.0343391 0.9347454 0.8863769 1.0108895 1.0211594 0.9303701 0.9029876 0.7990224 0.8348139 0.9354225 0.8490450 0.9081239 0.8469647 1.1093438 1.0209237 1.0566775 0.9563636 1.0129475 1.0337460 0.9796657 0.8857802 0.9141874 1.0116580 1.0319996 0.9593450 0.9854222 0.8421250 
HPHV_Duck_hepacivirus_HCL-1_E2_483-754_AlphaFold.pdb                                      0.5326931 0.7706141 0.8345306 0.9083273 0.7945574 0.7641186 0.4952346 0.6459857 0.6782367 0.7927838 0.8689360 0.0000000 0.9993566 1.0744299 0.8664220 1.0906246 0.7424392 0.7335223 1.4709509 0.9639356 0.9237504 0.9636335 0.9267539 0.9681659 0.7856645 1.0918897 0.9298199 0.8158744 0.8476945 1.0135734 0.8668373 0.9009503 0.6800254 0.9679556 0.5955064 0.8798132 0.9981584 0.9201796 0.9938318 0.9299964 1.0780560 1.0337968 0.9059001 0.9504877 0.8937080 0.6132256 0.8753216 0.9776381 0.8775160 0.9341414 1.0322700 0.5489975 0.6546471 1.0102199 1.1379290 0.8071156 0.8401278 0.9235483 1.0531651 1.0771461 0.8531446 0.9890544 0.7864730 0.8541378 1.3958813 1.2136266 0.9565650 1.2375764 1.5994743 0.8079208 0.8908094 1.4393116 0.9306716 0.8507535 0.8608024 1.5740826 2.0040128 1.1938997 0.9304247 1.5745364 0.8772731 0.9029375 1.0465413 0.9606959 0.8914456 0.9759013 0.8816457 0.8825114 0.8347096 0.7549623 0.7108612 0.9219006 0.6876864 0.8650625 0.8771259 0.8130865 0.8760751 0.9620317 0.8367743 0.9885102 1.2154662 0.8514682 0.8797284 1.1226945 0.9602383 1.0543037 1.1444967 0.9211023 0.9314492 1.0964184 0.8808046 0.9703308 0.9517882 1.0379841 1.0279649 0.9272609 1.0844688 0.7476716 0.9786102 1.0566696 1.0002369 0.9279155 1.0546997 0.9263387 0.8873443 0.7615233 0.9604012 0.8974535 0.8974535 0.9023598 0.9592197 1.0061885 0.8435589 0.8505059 0.9213903 0.8886545 0.9311675 0.9592560 0.9184257 0.9169283 0.9122330 0.9696186 0.9550826 1.0767537 0.9458736 0.9278072 0.9882710 1.0516270 0.9988579 0.9141534 0.9227485 0.9222582 0.9098128 1.0545251 0.9360101 1.5200495 1.1589200 0.9746675 1.3232554 1.1837572 1.4342423 1.2809277 1.2973517 1.1554745 0.8026345 1.4180872 1.4114782 1.3048747 1.2262901 1.1780963 1.1906043 1.2842041 1.2006232 1.1668072 1.2423185 1.3041342 1.3574065 1.3843952 1.3337456 1.3420281 1.3438216 1.1913520 1.2390769 1.2529749 1.3141772 1.3341354 1.3293554 1.3327131 0.9439686 
HPHV_Equine_hepacivirus_E2_392-724_AlphaFold.pdb                                          0.9304244 0.8457458 0.8049084 0.9338330 0.8731134 0.9322174 0.8274761 0.8673665 0.8544013 0.8532795 1.1143231 0.9993566 0.0000000 1.2155702 0.8465273 1.2590847 0.9542549 0.8800036 1.2257247 0.9262070 0.8727395 0.8868107 0.8640005 0.8227944 0.8066310 1.2031785 0.6108725 0.7722299 0.5638509 1.1362252 0.9618138 0.8253904 0.9916843 0.2140011 0.9311954 0.8337657 0.4492205 0.4542576 0.4671689 0.4372931 0.5426466 0.4535966 0.4943021 0.8515182 0.8542407 0.9263034 0.9963369 0.9694008 0.7892600 0.4402300 0.5661039 0.8368621 0.7792345 0.2110931 0.2043007 0.8471374 0.9237814 1.0129290 0.9479235 0.5772733 0.8633767 0.8665306 0.8093398 0.9157323 1.8949231 1.4635248 0.9138613 1.5137424 1.8712157 0.7941968 0.8177840 1.7781010 0.9613890 0.9681218 0.9264355 1.8604027 2.1064254 1.4138320 0.9065301 1.8171434 0.8231427 0.9071730 1.2039426 0.7871477 0.9673756 0.9123190 0.8916507 1.1900946 0.9385940 0.8181604 0.7889842 0.9972953 0.9184901 1.0872303 0.8722527 0.8785870 0.8660661 0.9121001 1.1233159 1.2232515 1.1787079 1.0293409 1.1851495 1.2740348 1.1105613 1.2364102 1.3128793 1.1856245 1.0941691 1.1408615 1.1404437 0.9874379 1.2544073 1.1758758 0.9099393 1.0804517 1.1110940 0.8575886 1.1762648 1.1324176 1.1344862 1.1082165 1.0986565 1.1888441 1.0210506 1.0154361 1.2108668 1.2001242 1.2001242 0.9985835 1.1375942 1.1971515 1.0521257 1.0069391 1.1037174 1.1221090 1.1782207 1.1850425 1.1805581 1.0023285 1.2050440 1.2172897 1.2374199 1.3775523 1.0892205 1.0691393 1.0908493 1.2377576 1.2042979 1.1495527 1.1730835 1.0246504 1.2854823 1.3412067 1.2926622 1.2933419 1.1336491 1.1287787 1.3957251 1.3037381 1.3989739 1.3762464 1.3665233 1.3083902 0.8240216 1.3503235 1.2501449 1.1735915 1.3207887 1.1149634 1.1923765 1.2235952 1.1528812 1.2089603 1.1764200 1.2434719 1.2253710 1.2647354 1.2958517 1.3229516 1.3279763 1.2735925 1.2436819 1.2663492 1.1724592 1.3437604 1.2930059 1.3161519 0.9439178 
HPHV_Gecko_hepacivirus_E2_504-775_AlphaFold.pdb                                           0.9628177 1.1453192 1.0778489 1.0869426 1.1315769 0.9638106 0.8121691 0.8877086 0.9949802 1.0203032 0.9483949 1.0744299 1.2155702 0.0000000 1.0499719 0.7171155 0.9934436 0.9914366 1.0281742 1.0124642 1.1230485 1.1659656 1.0758700 1.1053074 1.0810827 0.9410047 1.1014229 1.1729840 0.9899904 1.2276690 1.0547449 1.0252873 1.0237854 1.3011347 0.8079390 1.0318137 1.1366524 1.1166952 1.1053214 1.0464964 1.1904577 1.1860555 1.0775236 1.0716285 1.1576760 0.8651932 1.1317430 1.2484957 1.1244388 1.1547774 1.1955592 0.7743392 0.8922536 1.1214270 1.2414823 1.0091847 1.1653420 1.1876124 0.9914922 1.2418759 1.1244879 1.1260450 1.0626836 1.0644785 1.0730547 1.0097598 1.2600898 1.0836914 1.3865428 0.9820905 0.9898243 1.1346465 1.0957213 1.0727579 1.1379770 1.3777493 1.6019964 0.9447710 1.2297419 1.5667444 1.1653084 1.2699576 1.1387758 1.0185129 1.1825685 1.2395355 1.1387915 1.0624338 1.0652108 1.1460031 0.9905109 0.8258119 0.7779911 1.3241626 1.1568865 1.1605256 1.1278497 1.1262755 1.0758958 1.0079166 0.9622809 1.0886699 1.2978508 1.1346968 1.2572695 1.3365487 1.3347272 1.1788839 1.2780945 1.1375998 1.2654521 1.0353396 1.3179011 1.2975948 1.1247796 1.1908697 1.1791352 1.2130755 1.1874864 1.1944578 1.3827254 1.2330549 1.4196603 1.2951377 1.2838619 1.1089371 1.1855060 1.3195159 1.3195159 1.1233664 1.2290032 1.2828004 1.2705253 1.1483800 1.3208064 1.2906500 1.0973841 1.2570934 1.2851946 1.1326027 1.2596491 1.2083118 1.2386567 1.3572593 1.2804555 1.1598368 1.2691774 1.2834906 1.2588297 1.2302230 1.2648065 1.3317057 1.3089239 1.3893285 1.2152511 1.1294993 1.1873966 1.1739936 1.2297222 1.2098037 1.2458528 1.3069469 1.2512815 1.2427909 0.9569707 1.4066512 1.3822206 1.3850763 1.2594574 1.1880546 1.2273898 1.2052656 1.2265808 1.2960463 1.1950460 1.2302262 1.2409195 1.3562436 1.2730298 1.2505597 1.1613545 1.3803753 1.3309857 1.3529755 1.1848357 1.3099223 1.2539966 1.3034264 1.0133483 
HPHV_Gerbil_hepacivirus_E2_407-679_AlphaFold.pdb                                          0.7477519 0.3279856 0.3545286 0.4703723 0.5228461 0.6947450 0.7657320 0.6577838 0.6908491 0.4894663 1.0626622 0.8664220 0.8465273 1.0499719 0.0000000 1.1603009 0.8577370 0.4705445 1.4525571 0.3205453 0.3258950 0.3989695 0.3628113 0.2706582 0.4636004 0.9492534 0.8609960 0.4510335 0.7863268 0.6180883 0.5493563 0.5022862 0.8307181 0.8476779 0.9042466 0.4964640 0.8579006 0.7845334 0.8480530 0.8056877 0.9708767 0.8803203 0.8356203 0.4083037 0.5097999 0.7407407 0.5115878 0.5193120 0.4384613 0.7710684 1.0613883 0.7237626 0.8614889 0.8166524 0.8714810 0.4625752 0.4569563 0.5573702 0.6196447 0.9917527 0.3713200 0.4072483 0.3461109 0.4008723 1.2652789 1.0455108 0.5333976 1.0424347 1.3453457 0.4492325 0.2946134 1.2354377 0.4813709 0.3507840 0.4756824 1.3870032 1.7653925 1.1147756 0.5206069 1.4485769 0.3346632 0.5155558 1.1232798 0.4124413 0.5124846 0.5423140 0.4327747 0.9291323 0.8963113 0.5352693 0.4872155 0.8374565 1.0217891 0.6171361 0.4610129 0.4608902 0.3446966 0.4100534 1.0502163 0.9103151 1.0985154 0.8597455 1.0551726 1.0898660 0.9240940 1.0767856 1.0182087 0.8925929 0.9353967 1.0696274 0.9056478 0.9727316 1.1356988 1.0846268 0.8704582 0.9423767 1.0776067 0.7831030 1.1045372 1.0422379 0.8963468 0.8789543 0.9256726 0.9011603 0.8273725 0.9529207 0.9987257 1.0783545 1.0783545 0.9890445 1.0410405 0.9787895 0.9103261 1.0098928 0.8977075 0.8759406 0.9754425 1.0543073 0.8575154 0.8838147 0.9725057 0.9507755 0.9800656 1.0585315 0.9131155 0.9231635 0.8426179 0.9731325 0.9779363 1.0635860 1.0853621 1.0826271 1.1420577 1.1437688 1.1210918 1.2492629 1.0457373 1.0865267 1.1326970 1.0556025 1.0442094 1.0570235 1.1448628 0.9978221 0.8227793 1.0643804 1.0625210 1.0886453 1.0072036 0.9377298 1.0037169 0.9620527 0.9820173 0.9816558 0.9924050 1.0567762 1.0621214 1.0827535 1.0544551 1.1068273 1.0703253 0.9818702 1.0861103 1.0824571 1.0635372 1.0679934 1.0698546 1.0633439 0.9535044 
HPHV_Guangxi_chinese_leopard_gecko_hepacivirus_E2_984-1226_AlphaFold.pdb                  1.1121360 1.3196452 1.2718546 1.1851743 1.3449700 1.1537236 0.8671420 1.0317193 1.0735248 1.1122429 0.8775728 1.0906246 1.2590847 0.7171155 1.1603009 0.0000000 1.0903236 1.1136102 0.9193597 1.1802752 1.1570969 1.2246450 1.1222617 1.1686983 1.1893125 0.9616451 1.1060542 1.1101907 1.0452205 1.3543901 1.0900237 1.3238702 1.0667727 1.2894266 0.9767472 1.1963894 1.2510305 1.0882808 1.1552395 1.1551537 1.1032690 1.2525576 1.2193290 1.1884874 1.2863276 0.9736265 1.1585311 1.3479699 1.1903637 1.1728627 1.2621025 0.7957350 0.8697135 1.0432125 1.1864977 1.1881362 1.2987035 1.2543785 1.2692470 1.2370608 1.1626857 1.2416492 1.2165520 1.3232019 0.9767116 1.0883034 1.4646697 0.9531006 1.4947031 1.2495519 1.0621816 0.9825578 1.3140861 1.2596725 1.3120389 1.5370055 1.5150947 0.9797433 1.3626506 1.6261065 1.4173911 1.4450514 1.0320093 1.2808859 1.3033283 1.4991592 1.2625651 1.0956900 1.1418265 1.2279502 1.0920175 0.8567908 1.0261147 1.2564380 1.3307785 1.5208173 1.2664870 1.3002653 1.1485143 0.8676737 0.8873947 1.2573571 1.3782157 1.3952064 1.3944838 1.4045069 1.4681444 1.2428527 1.4297140 1.3907241 1.4148135 1.2714973 1.4492110 1.4204260 1.1956550 1.1979542 1.1691359 1.3235664 1.3015183 1.2579549 1.4618864 1.3496774 1.4330414 1.4250288 1.4366112 1.2545382 1.3986994 1.4040181 1.4040181 1.4478056 1.3750591 1.2546417 1.4241345 1.3526781 1.4590503 1.4368614 1.2777829 1.3449398 1.3592699 1.3945494 1.4191726 1.4755744 1.3858076 1.5839245 1.5055543 1.4545998 1.4994687 1.4169305 1.5345853 1.2980525 1.3636253 1.3064144 1.3569211 1.6379970 1.3632716 1.4697766 1.5154979 1.1599272 1.3200531 1.4252285 1.3921101 1.4495914 1.4610915 1.3692695 0.8280968 1.4250227 1.2554030 1.2959589 1.4186366 1.2656026 1.2914684 1.2127408 1.3157891 1.2810924 1.2533840 1.3605527 1.3820431 1.4900764 1.3706364 1.4667805 1.2803094 1.5503610 1.3998685 1.6013708 1.3644492 1.3629629 1.3708560 1.4271407 1.0420700 
HPHV_Guangxi_houndshark_hepacivirus_E2_538-759_AlphaFold.pdb                              0.8043568 0.9288389 0.8728693 0.9065912 0.9243075 0.7880428 0.5012715 0.6662128 0.7278669 0.8784059 0.6691015 0.7424392 0.9542549 0.9934436 0.8577370 1.0903236 0.0000000 0.8558748 1.2695212 0.9098220 0.8913464 0.9622078 0.9357078 0.8864390 0.9478503 0.9344763 0.8865276 0.8107763 0.8350108 1.0179099 0.9348388 0.9221055 0.7043773 0.9993142 0.7823222 0.8656302 0.9652527 0.9666917 0.9335139 0.9074918 1.0952983 1.0001065 0.9204534 0.9182822 0.9365945 0.6788761 1.0013695 0.9871399 0.7812212 1.0353922 1.1277540 0.6696827 0.7182325 0.9812006 0.9907438 0.9729870 0.8597854 0.8740897 0.9285064 1.1882278 0.9148269 0.9514802 0.9137778 0.8680414 1.1379457 1.1158553 0.9687352 1.1024058 1.3774789 0.9466844 0.8901378 1.2362440 0.9959568 0.9811304 1.0154888 1.1929632 2.0189894 0.9927181 0.9659891 1.5283511 0.9172585 0.9380417 0.9356554 0.9356015 0.9872137 1.0436982 0.9433041 1.0150908 0.4150432 0.8683715 0.8575684 0.8071292 0.7135892 0.8828765 0.9203146 0.8823793 0.9190807 0.9390985 0.7463664 0.8482391 1.0251620 0.9137201 1.0656273 1.1042728 0.9610617 1.1158497 1.2578202 1.0540055 1.0118542 1.1631997 1.0537510 1.0369282 1.0986257 1.2208294 0.9592675 1.0630584 1.1320414 0.8781851 0.9661787 1.1626715 1.1532960 1.0364652 1.1716433 1.0555671 1.0191639 0.9527413 0.9961132 0.9824002 0.9824002 1.0754550 1.1225689 0.9915893 1.0334723 0.8886717 1.0031943 0.9867380 1.1020762 1.1276813 1.0667865 0.9663466 1.0451220 1.1695004 1.1742404 1.0942503 1.0044777 1.0675556 1.0828186 1.0277209 1.1462599 1.0926810 1.0240926 1.1045782 1.1649147 1.3090381 1.1748751 1.1236948 0.8294227 0.8289684 0.9969094 1.0003010 1.0594931 0.9748425 1.0569340 0.8731737 1.0329637 0.9932593 0.9615420 0.9581729 0.9651935 0.8403718 0.8348981 0.8603810 0.8739239 0.8290300 0.8590308 0.9988904 0.9999562 1.0320144 0.9569176 1.0869982 1.0115762 0.9069379 0.8849520 0.9434840 1.0353433 1.0835120 1.0389068 0.8509934 0.8156061 
HPHV_Guereza_hepacivirus_E2_393-653_AlphaFold.pdb                                         0.7185160 0.4549928 0.4275719 0.5494669 0.5887464 0.7159074 0.6750825 0.5417238 0.5221624 0.1816387 0.9528003 0.7335223 0.8800036 0.9914366 0.4705445 1.1136102 0.8558748 0.0000000 1.5147075 0.5555461 0.4805724 0.5097467 0.4682654 0.4737934 0.3908301 1.0570222 0.8633186 0.4366749 0.7884089 0.6611562 0.5311638 0.4878773 0.8682840 0.8489022 0.7677895 0.5438240 0.8419826 0.7516296 0.7304925 0.7778144 0.9784770 0.8749202 0.8053997 0.4173733 0.5139673 0.7116171 0.5626287 0.5690170 0.4447973 0.7800357 1.0170100 0.6099934 0.6779193 0.8762482 0.8613199 0.4987129 0.5131314 0.5828737 0.6560513 0.9123872 0.4026114 0.5610589 0.4130391 0.5555980 1.3197766 1.0202104 0.5241155 1.0731913 1.4879726 0.4492487 0.4480745 1.2527651 0.5099489 0.4684062 0.4842518 1.3264198 2.0099428 1.0251611 0.5118132 1.5272380 0.4918379 0.5839525 1.1231085 0.4794564 0.5220115 0.5567554 0.4707026 0.9780792 0.7744222 0.4955147 0.4085058 0.8112559 0.9545041 0.6308660 0.5068578 0.4786943 0.4579626 0.5110989 0.9081385 1.0423852 1.2972628 0.9200831 0.9755077 1.0052317 0.9967091 1.0861310 0.9761957 0.9515925 0.8717802 1.0214264 0.9118662 0.9771344 1.0109269 1.1182269 1.0633972 0.9351961 1.1323741 0.8386202 1.0287486 0.8796720 1.0078304 0.9648399 1.0223335 0.9443949 0.9406172 0.8944995 0.8477361 1.0373096 1.0373096 0.9952096 0.9277977 1.1349912 0.8459153 0.8480573 0.9325856 0.9322164 0.9710061 1.0548558 0.8933593 0.8501674 0.9692330 0.9856361 1.0148306 1.0178753 0.8979705 0.9100731 0.9693954 0.8447022 1.0469895 1.0420689 1.0378229 1.0324286 1.0489137 1.2510906 1.0501670 1.2344950 0.8557680 0.8814575 1.0147979 0.9323135 1.0506414 1.0034339 1.1078406 0.9604655 0.9330124 1.0494598 1.0746434 1.1171554 1.0610453 0.9079070 0.9262402 1.0223214 0.9419374 0.9752474 0.9164238 1.0455069 1.0260245 1.0364334 0.9474041 1.0701042 1.0393273 0.9116569 1.0027279 1.0364414 1.0831348 1.1337241 1.0316196 1.0504872 0.9045341 
HPHV_Hainan_oriental_leaf-toed_gecko_hepacivirus_E2_409-675_AlphaFold.pdb                 1.3240845 1.4302889 1.4087167 1.2791067 1.4124526 1.3416912 0.9837583 1.3858583 1.3182062 1.5158067 1.1867524 1.4709509 1.2257247 1.0281742 1.4525571 0.9193597 1.2695212 1.5147075 0.0000000 1.4655832 1.3846127 1.5428805 1.4757473 1.4110384 1.3251454 1.0098962 1.2383940 1.2978936 1.1352710 1.5905442 1.3229474 1.4254029 1.3052243 1.3105066 1.1130610 1.3713913 1.4604863 1.3297119 1.3772086 1.3799684 1.4635697 1.3990916 1.4693792 1.4639041 1.3522203 1.3615995 1.4267358 1.4833872 1.3954161 1.4036964 1.5361090 1.1036052 1.2038026 1.2336390 1.2011444 1.2913749 1.5805034 1.6173098 1.2752589 1.4928474 1.3574432 1.4408739 1.4146693 1.5914203 1.2857028 0.9826524 1.5895468 1.0462335 1.7939633 1.3571763 1.4378179 1.1671952 1.3837101 1.3206394 1.4578934 1.2776168 1.3642526 1.0489108 1.5817104 1.3866536 1.5840172 1.6383615 1.2276261 1.4974587 1.4845424 1.6634852 1.3924481 1.3513139 1.3685116 1.3096490 1.3263241 0.9153925 1.3375694 1.5704403 1.4400581 1.3746235 1.3927966 1.4635436 1.3038604 1.0921732 0.7944970 1.4623203 1.4260871 1.5200601 1.9764602 1.4987938 1.5768870 1.9634658 1.5276625 1.5720621 1.4441809 1.5760262 1.6241658 1.6174616 1.0769264 1.4140419 1.6236345 1.5954629 1.4590846 1.4358170 1.6172393 1.5372733 1.4807460 1.5566951 1.5029415 1.2737544 1.2905096 1.4835320 1.4835320 1.3281717 1.5151397 1.5142813 1.4522229 1.3584680 1.5578587 1.5326055 1.2736505 1.4595424 1.7570186 1.7094312 1.4572154 1.5435669 1.5862101 1.5254418 1.5250371 1.5639405 1.5375180 1.6707855 1.5334813 1.5674009 1.4354083 1.4064462 1.5036126 1.7568167 1.5448456 1.4742594 1.4718417 1.5061559 1.4331912 1.4534484 1.4614940 1.4141494 1.4667679 1.3736238 1.3039349 1.6469698 1.4562263 1.5255409 1.6003293 1.2549569 1.3739048 1.3599585 1.4034660 1.5098049 1.4378288 1.4126902 1.4571022 1.5162808 1.4667647 1.4761530 1.4083437 1.5947635 1.4962291 1.4887443 1.4168010 1.6891709 1.5828239 1.5484195 1.0878045 
HPHV_Hepacivirus_F_E2_340-619_AlphaFold.pdb                                               0.8716519 0.3772645 0.3977493 0.4725786 0.5720070 0.8100580 0.7657479 0.7457080 0.7120422 0.5377969 1.1103083 0.9639356 0.9262070 1.0124642 0.3205453 1.1802752 0.9098220 0.5555461 1.4655832 0.0000000 0.2861198 0.1734511 0.2358616 0.2871743 0.5367669 0.9815731 0.9681838 0.5340126 0.8845300 0.7362732 0.5916080 0.5201861 0.8984441 0.9605692 0.8771277 0.5876594 0.9278013 0.8780499 0.9266130 0.9203124 1.0575676 0.9764872 0.9708167 0.5485419 0.5737809 0.8362941 0.5764114 0.5569561 0.5344296 0.9125198 1.1562568 0.7988743 0.9351676 0.8981360 0.9525473 0.4634406 0.5038660 0.5465429 0.6536957 1.0851732 0.4443092 0.5211403 0.4358821 0.4766007 1.4244737 1.2141223 0.5309210 1.1045440 1.3904055 0.4473995 0.2371700 1.1629283 0.4356857 0.4762710 0.5235870 1.4639995 1.7650580 1.1421393 0.5116158 1.5557183 0.4557015 0.5915623 1.1146390 0.3470306 0.5388087 0.5742060 0.5334052 1.0064106 1.0085416 0.5706078 0.4664644 0.9346319 1.0105877 0.5931701 0.5254556 0.5600772 0.4668140 0.3763030 1.0965379 0.9436181 1.2387043 0.9610205 1.0519095 1.0931039 1.0590215 1.0476351 1.0670316 1.0322286 1.0362323 1.1167688 1.0696459 1.0250962 1.1864607 1.1596721 0.9932281 0.9895177 1.1245424 0.8942877 1.2461024 1.0579253 1.0282605 0.9789465 1.1001914 1.0709636 0.9707135 0.9598473 1.0345761 1.1590985 1.1590985 1.0089413 1.0727789 1.0988724 1.0124882 1.0652027 1.0521728 1.0263066 1.0458543 1.0686695 1.0773930 1.0029482 1.0822936 1.0081700 1.1129630 1.1666931 1.0391165 1.0816342 0.9866417 1.0141353 1.1312298 1.0838369 1.1438392 1.1133586 1.2404171 1.2703470 1.2421851 1.2407427 1.1616819 1.2040101 1.2678661 1.1723764 1.1841113 1.1576560 1.2448046 1.1366556 0.9083181 1.2756820 1.2361455 1.1623185 1.1747536 1.0480647 1.1137112 1.1555443 1.1350731 1.1087640 1.1383391 1.2374289 1.1884900 1.2010882 1.1961309 1.2616679 1.2431493 1.0766537 1.2517468 1.2579627 1.1544501 1.2243719 1.2219773 1.2641101 1.1408661 
